30.964, -7.602, 12.958, 149.857, -10.951, 140.641, 61
34.008, -4.263, 3.313, 150.877, -1.531, 163.052, 115
33.669, -3.97, 10.04, 157.411, 12.741, 147.545, 71
31.319, -4.082, 11.978, 156.922, 4.727, 104.222, 29
34.292, -3.574, 1.021, 151.385, -3.774, 169.826, 100
34.432, -3.95, 2.417, 153.066, -10.457, 170.509, 190

good pos:
xyzabc 356 -46 265 179 -14 155

(array([ 30.964,  -7.602, -12.958]), array([ 149.857,  -10.951, -140.641]), 61)
(array([ 34.008,  -4.263,   3.313]), array([ 150.877,   -1.531,  163.052]), 115)
(array([ 33.669,  -3.97 ,  10.04 ]), array([ 157.411,   12.741,  147.545]), 71)
(array([ 31.319,  -4.082,  11.978]), array([ 156.922,    4.727,  104.222]), 29)
(array([ 34.292,  -3.574,   1.021]), array([ 151.385,   -3.774,  169.826]), 100)
(array([ 34.432,  -3.95 ,   2.417]), array([ 153.066,  -10.457,  170.509]), 190)

good pos:
xyzabc 356 -46 265 179 -14 155