../out/2017_2_24__13_21_49/*.jpg
0 
 ---- corners  [[[ 706.32483  441.63412]]

 [[ 660.26306  440.75052]]

 [[ 614.50598  439.66373]]

 [[ 568.49054  438.55197]]

 [[ 523.67438  437.51086]]

 [[ 478.94803  435.97733]]

 [[ 434.55835  434.42133]]

 [[ 391.50247  434.50732]]

 [[ 348.42349  434.53864]]

 [[ 706.34717  397.9671 ]]

 [[ 660.47437  396.59286]]

 [[ 615.49402  395.46829]]

 [[ 569.7019   394.8078 ]]

 [[ 525.63947  394.25403]]

 [[ 481.48572  393.6152 ]]

 [[ 437.71143  392.6442 ]]

 [[ 394.69049  392.53983]]

 [[ 351.82849  392.26822]]

 [[ 706.36517  355.71286]]

 [[ 660.79987  354.80679]]

 [[ 616.08282  353.83505]]

 [[ 571.32721  353.11893]]

 [[ 527.5368   352.37701]]

 [[ 483.53284  351.42853]]

 [[ 440.1405   351.08435]]

 [[ 397.16724  350.60095]]

 [[ 355.11731  351.14594]]

 [[ 705.6311   314.11575]]

 [[ 661.35089  312.55994]]

 [[ 616.77783  311.58041]]

 [[ 572.50757  310.96616]]

 [[ 529.27722  310.14807]]

 [[ 485.29214  309.54306]]

 [[ 442.70999  309.53629]]

 [[ 400.2728   310.24966]]

 [[ 358.77441  310.30112]]

 [[ 705.44202  273.50058]]

 [[ 661.55725  272.63205]]

 [[ 617.56964  271.57132]]

 [[ 573.82794  270.97461]]

 [[ 530.74786  270.3392 ]]

 [[ 487.80862  270.96097]]

 [[ 445.62784  271.05295]]

 [[ 403.58002  271.79446]]

 [[ 362.67657  272.57388]]

 [[ 705.43237  233.98299]]

 [[ 661.8147   232.58841]]

 [[ 618.46667  232.43561]]

 [[ 575.40875  231.73604]]

 [[ 532.60004  231.58829]]

 [[ 490.22614  231.78032]]

 [[ 448.28009  232.27725]]

 [[ 406.4855   232.49252]]

 [[ 365.74118  232.99532]]] 
0 
 ---- corners subpix  [[[ 706.41559  441.70584]]

 [[ 660.17664  440.7265 ]]

 [[ 614.18262  439.66019]]

 [[ 568.52765  438.52213]]

 [[ 523.7746   437.51889]]

 [[ 478.91986  436.22653]]

 [[ 434.37729  434.22577]]

 [[ 391.39618  434.66226]]

 [[ 348.26614  434.44357]]

 [[ 706.33569  397.94138]]

 [[ 660.54108  396.68655]]

 [[ 615.19653  395.74692]]

 [[ 569.90619  394.97937]]

 [[ 525.6629   394.30673]]

 [[ 481.41827  393.54532]]

 [[ 437.70798  392.80252]]

 [[ 394.5484   392.36981]]

 [[ 351.87079  392.18048]]

 [[ 706.11237  355.64893]]

 [[ 660.90155  354.64182]]

 [[ 616.0816   353.75   ]]

 [[ 571.20007  353.17218]]

 [[ 527.53217  352.38217]]

 [[ 483.44879  351.57321]]

 [[ 440.0813   351.12076]]

 [[ 397.17017  350.62228]]

 [[ 354.98349  351.12009]]

 [[ 705.87042  313.98819]]

 [[ 661.33911  312.57465]]

 [[ 616.8092   311.75357]]

 [[ 572.58771  310.9595 ]]

 [[ 529.14355  310.24969]]

 [[ 485.47546  309.68213]]

 [[ 442.52649  309.65356]]

 [[ 400.36026  310.18542]]

 [[ 358.63242  310.61688]]

 [[ 705.5238   273.54169]]

 [[ 661.58606  272.6059 ]]

 [[ 617.56445  271.60083]]

 [[ 573.8194   270.99185]]

 [[ 530.78821  270.37677]]

 [[ 487.83191  270.6795 ]]

 [[ 445.56033  271.1958 ]]

 [[ 403.74359  271.66779]]

 [[ 362.51553  272.37408]]

 [[ 705.35895  234.09595]]

 [[ 661.83746  232.87726]]

 [[ 618.41571  232.46159]]

 [[ 575.23395  231.9185 ]]

 [[ 532.60358  231.57907]]

 [[ 490.10355  231.56319]]

 [[ 448.17545  232.28925]]

 [[ 406.66257  232.65466]]

 [[ 365.68826  233.03743]]] 
1 
 ---- corners  [[[ 663.42181  522.09802]]

 [[ 616.67242  524.55963]]

 [[ 570.50348  527.45782]]

 [[ 524.53821  529.65265]]

 [[ 479.57788  532.45325]]

 [[ 433.64276  534.758  ]]

 [[ 388.64209  535.66217]]

 [[ 345.50903  540.422  ]]

 [[ 301.43109  543.37024]]

 [[ 659.51935  479.51755]]

 [[ 613.75757  481.96472]]

 [[ 568.5968   484.36075]]

 [[ 523.06262  487.28577]]

 [[ 478.75592  489.75229]]

 [[ 434.38306  492.6965 ]]

 [[ 390.43863  495.5412 ]]

 [[ 346.73483  498.50748]]

 [[ 303.62561  501.44006]]

 [[ 655.58099  439.2677 ]]

 [[ 610.91626  441.51038]]

 [[ 566.40112  444.16791]]

 [[ 521.65399  446.49472]]

 [[ 478.12894  449.32846]]

 [[ 434.26331  451.58081]]

 [[ 390.56119  454.46707]]

 [[ 347.35022  457.65253]]

 [[ 305.48367  461.56326]]

 [[ 652.15485  399.38895]]

 [[ 608.04578  401.51367]]

 [[ 563.70544  403.7525 ]]

 [[ 520.36841  406.45889]]

 [[ 477.25183  408.57019]]

 [[ 433.55304  411.2334 ]]

 [[ 390.76935  414.98679]]

 [[ 348.95837  418.34698]]

 [[ 307.20529  422.79904]]

 [[ 648.53876  361.98721]]

 [[ 605.76611  363.62613]]

 [[ 562.5033   366.46167]]

 [[ 519.34668  368.31924]]

 [[ 476.53403  371.00555]]

 [[ 434.42603  374.51401]]

 [[ 392.27457  378.33838]]

 [[ 351.56088  381.74689]]

 [[ 310.12076  386.21051]]

 [[ 645.07532  325.6571 ]]

 [[ 602.54657  326.93552]]

 [[ 560.70264  329.44556]]

 [[ 517.99286  332.32861]]

 [[ 476.36057  334.86047]]

 [[ 434.49924  338.28815]]

 [[ 393.67392  341.39368]]

 [[ 352.46246  345.52365]]

 [[ 311.44656  348.8721 ]]] 
1 
 ---- corners subpix  [[[ 663.08502  522.05341]]

 [[ 616.68408  524.78094]]

 [[ 570.55334  527.37231]]

 [[ 524.61035  529.66357]]

 [[ 479.50485  532.46875]]

 [[ 433.93881  534.49707]]

 [[ 388.72311  535.61108]]

 [[ 345.35611  540.30756]]

 [[ 301.45184  543.41888]]

 [[ 659.19934  479.66074]]

 [[ 613.75226  481.80066]]

 [[ 568.30951  484.45383]]

 [[ 523.09149  487.25613]]

 [[ 478.71704  489.88519]]

 [[ 434.2486   492.71228]]

 [[ 390.37616  495.57413]]

 [[ 346.71066  498.54761]]

 [[ 303.58664  501.66037]]

 [[ 655.51727  439.26883]]

 [[ 610.91467  441.53171]]

 [[ 566.19757  444.01813]]

 [[ 521.66809  446.75601]]

 [[ 478.07864  449.31345]]

 [[ 434.11823  451.7366 ]]

 [[ 390.56476  454.58038]]

 [[ 347.48428  457.65121]]

 [[ 305.36182  461.45477]]

 [[ 652.00903  399.6185 ]]

 [[ 608.0899   401.49506]]

 [[ 563.99353  403.80267]]

 [[ 520.28046  406.3735 ]]

 [[ 477.24091  408.72388]]

 [[ 433.80722  411.56436]]

 [[ 391.01169  414.8992 ]]

 [[ 349.06332  418.58746]]

 [[ 307.41049  422.47137]]

 [[ 648.58795  362.0239 ]]

 [[ 605.37787  364.05997]]

 [[ 562.19336  366.24643]]

 [[ 519.12891  368.50119]]

 [[ 476.62653  371.11829]]

 [[ 434.25256  374.5542 ]]

 [[ 392.42059  378.42966]]

 [[ 351.07474  382.15421]]

 [[ 310.11365  385.99921]]

 [[ 645.23621  325.48737]]

 [[ 602.70886  327.32156]]

 [[ 560.37268  329.68658]]

 [[ 517.86902  332.24881]]

 [[ 476.25287  334.86884]]

 [[ 434.35837  338.08163]]

 [[ 393.31039  341.64969]]

 [[ 352.33313  345.36526]]

 [[ 311.69534  348.71371]]] 
2 
 ---- corners  [[[ 606.52576  613.44763]]

 [[ 558.50696  616.38385]]

 [[ 510.73083  618.61829]]

 [[ 463.3501   621.39044]]

 [[ 416.41959  624.18304]]

 [[ 368.61694  626.7254 ]]

 [[ 321.46078  627.3316 ]]

 [[ 275.4639   632.66016]]

 [[ 229.31613  635.9505 ]]

 [[ 601.90179  571.50964]]

 [[ 555.4848   573.60962]]

 [[ 508.55331  576.08099]]

 [[ 462.29266  578.44305]]

 [[ 416.27594  581.73877]]

 [[ 370.38538  584.55774]]

 [[ 324.33075  587.59955]]

 [[ 278.43866  590.54242]]

 [[ 233.31169  594.47229]]

 [[ 597.4093   531.58594]]

 [[ 552.06561  534.25183]]

 [[ 506.59656  536.44196]]

 [[ 461.02664  539.48926]]

 [[ 416.11234  541.69397]]

 [[ 370.5769   544.03802]]

 [[ 325.63147  547.06793]]

 [[ 280.96307  550.05078]]

 [[ 236.84882  554.55896]]

 [[ 593.26837  493.89951]]

 [[ 549.42932  495.48654]]

 [[ 504.66986  497.34964]]

 [[ 460.01523  499.68515]]

 [[ 415.95792  501.66614]]

 [[ 371.48325  504.63275]]

 [[ 327.5311   507.327  ]]

 [[ 283.75955  512.12323]]

 [[ 240.49136  515.83069]]

 [[ 589.58765  457.59747]]

 [[ 546.43402  459.5148 ]]

 [[ 502.54211  461.34839]]

 [[ 458.72412  463.5202 ]]

 [[ 415.31802  465.56223]]

 [[ 372.22772  469.3616 ]]

 [[ 329.48087  472.92499]]

 [[ 286.80981  476.39117]]

 [[ 244.60204  480.66974]]

 [[ 586.07751  422.91718]]

 [[ 543.37933  424.54883]]

 [[ 500.44031  426.82755]]

 [[ 457.72156  428.79456]]

 [[ 415.56857  431.53745]]

 [[ 373.47089  434.43384]]

 [[ 330.53305  438.37875]]

 [[ 289.37112  441.44339]]

 [[ 247.40031  444.79834]]] 
2 
 ---- corners subpix  [[[ 606.41028  613.2619 ]]

 [[ 558.69421  616.15076]]

 [[ 510.97394  618.81024]]

 [[ 463.36398  621.32935]]

 [[ 416.48929  624.22388]]

 [[ 368.92151  626.36774]]

 [[ 321.54288  627.26489]]

 [[ 275.70078  632.56219]]

 [[ 229.51268  636.16504]]

 [[ 601.91156  571.30835]]

 [[ 555.44464  573.51617]]

 [[ 508.66855  576.04382]]

 [[ 462.22473  578.86279]]

 [[ 416.24902  581.81531]]

 [[ 370.13809  584.69861]]

 [[ 324.29144  587.59235]]

 [[ 278.6571   590.66058]]

 [[ 233.38824  594.26355]]

 [[ 597.6839   531.82941]]

 [[ 552.28265  534.09753]]

 [[ 506.57355  536.44659]]

 [[ 461.09384  539.36389]]

 [[ 416.08279  541.59863]]

 [[ 370.64963  544.10571]]

 [[ 325.57098  546.93555]]

 [[ 280.75284  550.08453]]

 [[ 236.71815  554.20264]]

 [[ 593.62524  493.71292]]

 [[ 549.26337  495.35376]]

 [[ 504.5473   497.43103]]

 [[ 459.84869  499.64661]]

 [[ 415.65424  501.89917]]

 [[ 371.33109  504.56586]]

 [[ 327.1976   507.94775]]

 [[ 283.68808  511.8533 ]]

 [[ 240.43011  515.87518]]

 [[ 589.80182  457.75421]]

 [[ 546.3667   459.56985]]

 [[ 502.59662  461.2739 ]]

 [[ 458.72028  463.42096]]

 [[ 415.58395  465.58389]]

 [[ 372.30402  469.14667]]

 [[ 329.40219  472.86713]]

 [[ 286.76517  476.73828]]

 [[ 244.49443  480.6153 ]]

 [[ 585.95551  423.23752]]

 [[ 543.50812  424.65363]]

 [[ 500.64157  426.85522]]

 [[ 457.78571  428.89343]]

 [[ 415.58884  431.44992]]

 [[ 373.14969  434.29483]]

 [[ 331.02667  437.90527]]

 [[ 289.26685  441.45877]]

 [[ 247.53024  444.6843 ]]] 
3 
 ---- corners  [[[ 620.38367  584.08044]]

 [[ 571.32996  583.6275 ]]

 [[ 522.53497  583.54388]]

 [[ 473.34909  582.93219]]

 [[ 424.98718  582.58557]]

 [[ 376.35892  581.41925]]

 [[ 327.31039  579.3689 ]]

 [[ 279.45441  582.30676]]

 [[ 231.91162  583.14868]]

 [[ 617.5658   543.65735]]

 [[ 569.47363  542.45081]]

 [[ 521.52362  542.65375]]

 [[ 474.17676  542.43304]]

 [[ 426.57419  542.71472]]

 [[ 379.68646  542.40692]]

 [[ 331.6456   542.51202]]

 [[ 284.84262  542.44147]]

 [[ 238.33867  543.00909]]

 [[ 614.55499  506.44562]]

 [[ 568.06482  505.42712]]

 [[ 521.54712  504.83917]]

 [[ 474.5043   504.78223]]

 [[ 428.75568  504.29919]]

 [[ 382.18649  503.56085]]

 [[ 335.71768  503.51718]]

 [[ 289.29657  503.92908]]

 [[ 244.21237  505.53305]]

 [[ 611.19867  470.56921]]

 [[ 566.3537   468.51651]]

 [[ 521.01843  467.32849]]

 [[ 475.33984  466.73264]]

 [[ 430.74496  465.73477]]

 [[ 384.39594  465.47858]]

 [[ 339.76062  466.25314]]

 [[ 294.66049  467.70602]]

 [[ 249.88593  469.60934]]

 [[ 608.70935  436.36911]]

 [[ 564.6366   434.94348]]

 [[ 520.52423  433.74313]]

 [[ 475.74152  433.09384]]

 [[ 431.96793  432.35669]]

 [[ 387.44696  432.8656 ]]

 [[ 343.69507  434.22342]]

 [[ 299.45883  435.57516]]

 [[ 256.31458  436.64346]]

 [[ 606.01721  404.50882]]

 [[ 563.52386  402.70245]]

 [[ 520.02753  401.45352]]

 [[ 476.31363  400.8006 ]]

 [[ 433.55551  400.5694 ]]

 [[ 390.3609   400.5441 ]]

 [[ 347.32425  401.35141]]

 [[ 304.50507  402.51962]]

 [[ 261.32233  403.16309]]] 
3 
 ---- corners subpix  [[[ 620.37183  583.80481]]

 [[ 571.37933  583.67743]]

 [[ 522.45581  583.41565]]

 [[ 473.40588  582.81165]]

 [[ 425.01773  582.75043]]

 [[ 376.10547  581.69745]]

 [[ 327.31088  579.37579]]

 [[ 279.51813  582.26337]]

 [[ 231.2809   583.01654]]

 [[ 617.28204  543.69556]]

 [[ 569.68207  542.65601]]

 [[ 521.86169  542.36316]]

 [[ 474.0936   542.29059]]

 [[ 426.89191  542.30511]]

 [[ 379.37344  542.26184]]

 [[ 332.04434  542.26855]]

 [[ 284.99039  542.453  ]]

 [[ 238.05251  543.05328]]

 [[ 614.40381  506.39566]]

 [[ 568.17462  505.3248 ]]

 [[ 521.45721  504.66238]]

 [[ 474.67184  504.66696]]

 [[ 428.69058  504.01562]]

 [[ 382.11655  503.4993 ]]

 [[ 335.74081  503.38504]]

 [[ 289.647    503.61612]]

 [[ 244.0209   505.17764]]

 [[ 611.57886  470.24164]]

 [[ 566.39935  468.56763]]

 [[ 521.03003  467.63687]]

 [[ 475.37762  466.97781]]

 [[ 430.36807  466.14432]]

 [[ 384.85739  465.81079]]

 [[ 339.60333  466.5137 ]]

 [[ 294.74521  467.81516]]

 [[ 250.10349  469.27386]]

 [[ 608.86621  436.3367 ]]

 [[ 564.78076  435.01886]]

 [[ 520.49384  433.78143]]

 [[ 475.94421  432.9201 ]]

 [[ 431.94263  432.25989]]

 [[ 387.61505  432.88846]]

 [[ 343.5365   434.14069]]

 [[ 299.77081  435.27014]]

 [[ 256.23166  436.52982]]

 [[ 606.28308  404.18546]]

 [[ 563.34436  402.54138]]

 [[ 519.98334  401.66721]]

 [[ 476.44543  400.86118]]

 [[ 433.55542  400.5228 ]]

 [[ 390.24753  400.55566]]

 [[ 347.16589  401.43649]]

 [[ 304.311    402.30411]]

 [[ 261.48386  402.97925]]] 
4 
 ---- corners  [[[ 594.57147  508.82751]]

 [[ 537.05908  509.47464]]

 [[ 479.3862   509.88016]]

 [[ 421.40961  510.03409]]

 [[ 365.07471  510.56012]]

 [[ 307.44174  510.19998]]

 [[ 250.57062  508.51678]]

 [[ 195.82266  512.20605]]

 [[ 140.9063   513.51538]]

 [[ 593.07123  456.99081]]

 [[ 536.8457   456.86942]]

 [[ 479.76511  457.3569 ]]

 [[ 423.63113  457.62616]]

 [[ 368.06122  458.34583]]

 [[ 312.5061   458.99966]]

 [[ 257.68997  459.78012]]

 [[ 202.87787  460.71661]]

 [[ 148.5688   462.15137]]

 [[ 591.80463  407.88129]]

 [[ 536.04517  407.76193]]

 [[ 480.69989  408.01019]]

 [[ 425.4704   409.04556]]

 [[ 371.34235  409.47528]]

 [[ 316.56293  409.444  ]]

 [[ 262.54553  410.20572]]

 [[ 208.45946  411.4653 ]]

 [[ 155.98643  413.21249]]

 [[ 589.94342  359.9826 ]]

 [[ 535.72534  359.47675]]

 [[ 481.52524  359.57675]]

 [[ 427.56143  360.03561]]

 [[ 373.91159  360.17737]]

 [[ 320.38208  360.74155]]

 [[ 267.47318  362.34601]]

 [[ 215.23885  364.58066]]

 [[ 163.31142  367.05283]]

 [[ 588.51483  315.45731]]

 [[ 535.13702  315.05371]]

 [[ 482.23663  314.65164]]

 [[ 429.10614  315.17596]]

 [[ 377.00208  315.45062]]

 [[ 324.6261   316.72305]]

 [[ 273.11816  319.13837]]

 [[ 222.39977  321.29825]]

 [[ 171.77209  323.73117]]

 [[ 586.72601  271.97656]]

 [[ 534.91467  271.50473]]

 [[ 482.91882  272.1882 ]]

 [[ 431.09235  272.44528]]

 [[ 379.96838  272.85721]]

 [[ 328.50058  273.95132]]

 [[ 278.32788  276.42551]]

 [[ 227.92033  278.26477]]

 [[ 178.59032  279.65338]]] 
4 
 ---- corners subpix  [[[ 594.76526  508.85355]]

 [[ 537.01917  509.44467]]

 [[ 479.14291  509.81216]]

 [[ 421.41458  509.93439]]

 [[ 364.68283  510.49042]]

 [[ 307.50903  510.1351 ]]

 [[ 250.58176  508.64005]]

 [[ 195.98143  511.90384]]

 [[ 140.75121  513.27094]]

 [[ 593.22449  456.76376]]

 [[ 536.58752  456.6579 ]]

 [[ 479.80875  456.99835]]

 [[ 423.50012  457.63766]]

 [[ 368.14645  458.41769]]

 [[ 312.57101  458.95673]]

 [[ 257.54416  459.72116]]

 [[ 202.87708  460.7377 ]]

 [[ 148.90904  462.17999]]

 [[ 591.66125  407.73035]]

 [[ 536.25018  407.63983]]

 [[ 480.74786  407.95374]]

 [[ 425.51868  408.77536]]

 [[ 371.32129  409.00052]]

 [[ 316.47556  409.31866]]

 [[ 262.302    410.14828]]

 [[ 208.59627  411.24127]]

 [[ 156.12276  413.38116]]

 [[ 589.93646  360.01337]]

 [[ 535.81195  359.54477]]

 [[ 481.56094  359.62921]]

 [[ 427.2959   359.88336]]

 [[ 373.95691  359.99615]]

 [[ 320.33929  360.72141]]

 [[ 267.39871  362.28421]]

 [[ 215.30713  364.49817]]

 [[ 163.74507  366.72815]]

 [[ 588.38666  315.27963]]

 [[ 535.40674  315.00864]]

 [[ 482.23105  314.70255]]

 [[ 429.23108  314.95343]]

 [[ 376.94724  315.33102]]

 [[ 324.74271  316.90308]]

 [[ 273.19446  319.27994]]

 [[ 222.16847  321.39703]]

 [[ 171.58727  323.66031]]

 [[ 586.79901  272.28928]]

 [[ 534.87439  271.59705]]

 [[ 483.04422  271.95523]]

 [[ 431.15222  272.36624]]

 [[ 379.98773  272.86874]]

 [[ 328.70892  274.01721]]

 [[ 278.12427  276.1442 ]]

 [[ 227.9308   278.16391]]

 [[ 178.0954   279.84344]]] 
5 
 ---- corners  [[[ 724.40729  532.96436]]

 [[ 659.50403  525.95789]]

 [[ 594.03271  518.55511]]

 [[ 528.69568  511.06201]]

 [[ 464.97064  504.43115]]

 [[ 400.55261  496.53192]]

 [[ 336.68619  487.83957]]

 [[ 274.22388  483.19968]]

 [[ 211.48634  477.57626]]

 [[ 727.03015  470.63678]]

 [[ 663.44641  463.3364 ]]

 [[ 599.57306  456.4548 ]]

 [[ 535.06354  449.51862]]

 [[ 472.33997  442.4993 ]]

 [[ 409.62555  436.12234]]

 [[ 347.0108   429.35333]]

 [[ 284.97092  423.04425]]

 [[ 223.49039  417.04318]]

 [[ 729.56604  411.51746]]

 [[ 667.06238  404.48187]]

 [[ 604.50177  397.65213]]

 [[ 541.56073  390.96851]]

 [[ 479.50726  384.0094 ]]

 [[ 417.53064  376.9678 ]]

 [[ 355.80048  370.53333]]

 [[ 294.47601  364.4964 ]]

 [[ 234.41545  359.53168]]

 [[ 731.65973  353.94577]]

 [[ 671.00146  346.33026]]

 [[ 609.48267  339.21106]]

 [[ 547.39191  332.63998]]

 [[ 486.55917  325.64856]]

 [[ 425.47064  319.56155]]

 [[ 364.76929  313.77591]]

 [[ 304.96729  308.58939]]

 [[ 245.52054  303.9819 ]]

 [[ 734.3714   299.2785 ]]

 [[ 674.08557  291.94385]]

 [[ 613.487    284.57303]]

 [[ 553.40759  278.08435]]

 [[ 493.2952   271.39972]]

 [[ 433.35202  266.18539]]

 [[ 373.88257  261.32404]]

 [[ 315.02417  256.59131]]

 [[ 257.02066  251.98134]]

 [[ 736.2627   245.92332]]

 [[ 677.10376  238.49048]]

 [[ 618.04694  232.22084]]

 [[ 558.49664  225.32338]]

 [[ 499.82288  219.72496]]

 [[ 441.02576  213.59213]]

 [[ 382.4234   208.86296]]

 [[ 324.03964  204.51155]]

 [[ 266.74698  199.72098]]] 
5 
 ---- corners subpix  [[[ 724.51331  533.1369 ]]

 [[ 659.30249  525.90784]]

 [[ 594.02454  518.61023]]

 [[ 529.00153  511.17462]]

 [[ 465.08771  504.26434]]

 [[ 400.54025  496.53494]]

 [[ 336.64233  487.84998]]

 [[ 274.20755  483.28479]]

 [[ 211.57149  477.21597]]

 [[ 727.21698  470.7645 ]]

 [[ 663.44904  463.33575]]

 [[ 599.36279  456.17508]]

 [[ 535.39258  449.3349 ]]

 [[ 472.54892  442.60178]]

 [[ 409.51788  436.06522]]

 [[ 346.97479  429.35846]]

 [[ 284.90424  423.09256]]

 [[ 223.53589  417.17789]]

 [[ 729.64197  411.64059]]

 [[ 667.10272  404.38919]]

 [[ 604.30139  397.45505]]

 [[ 541.4704   390.8129 ]]

 [[ 479.70572  383.90714]]

 [[ 417.50092  377.00946]]

 [[ 355.78522  370.61642]]

 [[ 294.59085  364.5672 ]]

 [[ 234.36385  359.60214]]

 [[ 732.03033  353.99008]]

 [[ 670.93799  346.38715]]

 [[ 609.27881  339.35034]]

 [[ 547.49945  332.44937]]

 [[ 486.73871  325.60678]]

 [[ 425.4523   319.28946]]

 [[ 364.73074  313.58554]]

 [[ 304.84827  308.60779]]

 [[ 245.52444  303.97348]]

 [[ 734.2851   299.16483]]

 [[ 674.10498  291.90817]]

 [[ 613.63635  284.71182]]

 [[ 553.18469  277.85614]]

 [[ 493.41696  271.38089]]

 [[ 433.32956  266.0376 ]]

 [[ 373.82364  261.34283]]

 [[ 314.99719  256.51508]]

 [[ 256.75305  251.97849]]

 [[ 736.21948  246.10497]]

 [[ 677.30237  238.67036]]

 [[ 617.91168  232.14546]]

 [[ 558.48175  225.60611]]

 [[ 499.82205  219.41162]]

 [[ 440.77707  213.74547]]

 [[ 382.31982  208.91216]]

 [[ 324.43549  204.2634 ]]

 [[ 266.82477  199.35118]]] 
6 
 ---- corners  [[[ 748.33984  652.76056]]

 [[ 682.44965  646.45349]]

 [[ 615.59052  640.20868]]

 [[ 548.30341  634.02063]]

 [[ 482.37973  628.83716]]

 [[ 416.13217  621.22906]]

 [[ 349.5174   615.01233]]

 [[ 284.39441  609.44434]]

 [[ 219.61626  604.18414]]

 [[ 750.99615  585.64349]]

 [[ 685.25793  579.27063]]

 [[ 619.05499  573.50647]]

 [[ 553.33423  567.03992]]

 [[ 488.01199  561.10089]]

 [[ 423.02139  555.64349]]

 [[ 357.50223  549.76367]]

 [[ 293.0289   544.41516]]

 [[ 228.72726  539.09753]]

 [[ 752.19684  520.69348]]

 [[ 688.14636  514.94769]]

 [[ 623.09277  508.69604]]

 [[ 557.57849  503.05649]]

 [[ 493.63672  497.42679]]

 [[ 428.93784  491.27292]]

 [[ 364.45145  485.50397]]

 [[ 300.44174  480.34808]]

 [[ 237.44379  475.53207]]

 [[ 753.85834  457.60693]]

 [[ 690.4458   451.47144]]

 [[ 626.44946  445.74829]]

 [[ 562.52087  439.51279]]

 [[ 498.94791  433.4129 ]]

 [[ 434.75156  427.71054]]

 [[ 371.43323  422.66177]]

 [[ 308.49908  417.54147]]

 [[ 246.03432  413.41171]]

 [[ 754.91101  396.79865]]

 [[ 692.5462   390.96182]]

 [[ 629.47662  384.53885]]

 [[ 566.43579  378.74811]]

 [[ 503.9729   372.76608]]

 [[ 440.76395  368.14139]]

 [[ 378.20306  363.62088]]

 [[ 316.5032   358.93744]]

 [[ 254.758    354.75406]]

 [[ 755.73059  337.57108]]

 [[ 695.16797  330.9653 ]]

 [[ 632.67487  325.36389]]

 [[ 570.21979  319.47519]]

 [[ 508.7648   314.31091]]

 [[ 446.59418  309.57239]]

 [[ 384.50885  304.47424]]

 [[ 323.4194   299.99899]]

 [[ 262.81876  295.4761 ]]] 
6 
 ---- corners subpix  [[[ 749.18842  652.8609 ]]

 [[ 682.37323  646.76129]]

 [[ 615.4696   640.61804]]

 [[ 548.40741  634.40149]]

 [[ 482.51392  628.42621]]

 [[ 416.022    621.86768]]

 [[ 349.66934  615.14319]]

 [[ 284.7038   610.25525]]

 [[ 219.56946  604.76764]]

 [[ 750.98187  585.52374]]

 [[ 685.40143  579.33966]]

 [[ 619.29498  573.40765]]

 [[ 553.34637  567.39166]]

 [[ 488.25378  561.46326]]

 [[ 422.69199  555.61444]]

 [[ 357.58566  549.83832]]

 [[ 292.98804  544.30945]]

 [[ 228.8196   538.8916 ]]

 [[ 752.3963   520.9613 ]]

 [[ 687.9184   514.78894]]

 [[ 622.82629  508.7876 ]]

 [[ 557.70349  503.16891]]

 [[ 493.61475  497.30585]]

 [[ 428.90594  491.44855]]

 [[ 364.40274  485.74811]]

 [[ 300.40622  480.3515 ]]

 [[ 237.24315  475.53708]]

 [[ 753.68341  457.53122]]

 [[ 690.47498  451.21561]]

 [[ 626.47174  445.3389 ]]

 [[ 562.36334  439.39621]]

 [[ 499.03461  433.49683]]

 [[ 434.87946  427.7681 ]]

 [[ 371.33691  422.66809]]

 [[ 308.40756  417.98868]]

 [[ 245.94591  413.49353]]

 [[ 754.96539  396.67337]]

 [[ 692.54602  390.66013]]

 [[ 629.58441  384.4826 ]]

 [[ 566.37457  378.54779]]

 [[ 503.8768   372.7858 ]]

 [[ 440.8476   368.00504]]

 [[ 378.40182  363.49976]]

 [[ 316.36288  358.95425]]

 [[ 254.90187  354.61642]]

 [[ 755.84155  337.42349]]

 [[ 694.51355  331.0929 ]]

 [[ 632.47565  325.37683]]

 [[ 570.19342  319.57413]]

 [[ 508.61551  314.14041]]

 [[ 446.56503  309.07751]]

 [[ 384.83163  304.57129]]

 [[ 323.61163  300.04651]]

 [[ 262.6918   295.46704]]] 
7 
 ---- corners  [[[ 752.3075   595.16364]]

 [[ 680.03552  592.15631]]

 [[ 607.67725  590.52258]]

 [[ 536.05518  587.80078]]

 [[ 465.41382  585.50494]]

 [[ 395.91168  583.60101]]

 [[ 325.47052  582.28754]]

 [[ 259.37109  577.57031]]

 [[ 192.56474  574.38281]]

 [[ 755.5105   525.47461]]

 [[ 682.23785  523.57385]]

 [[ 609.14014  522.06866]]

 [[ 537.03253  519.48773]]

 [[ 465.92502  517.00568]]

 [[ 395.48312  514.94879]]

 [[ 326.26239  512.80823]]

 [[ 257.51779  509.59528]]

 [[ 189.41866  507.97781]]

 [[ 757.62982  455.37152]]

 [[ 683.8291   453.71649]]

 [[ 610.16571  452.3916 ]]

 [[ 537.69916  450.7742 ]]

 [[ 466.23276  448.56616]]

 [[ 393.69681  446.46149]]

 [[ 323.37582  445.8884 ]]

 [[ 254.07166  443.98941]]

 [[ 186.61543  441.20529]]

 [[ 760.61505  383.05322]]

 [[ 686.12122  381.85187]]

 [[ 611.77167  381.34341]]

 [[ 537.98431  379.9548 ]]

 [[ 465.56296  379.0191 ]]

 [[ 393.23605  376.87506]]

 [[ 322.20157  376.3313 ]]

 [[ 251.50153  374.43427]]

 [[ 184.08887  372.03214]]

 [[ 762.22162  310.50217]]

 [[ 688.25171  309.38754]]

 [[ 613.3291   308.85852]]

 [[ 538.41248  307.76984]]

 [[ 465.41638  307.33237]]

 [[ 392.63113  306.32526]]

 [[ 321.34811  304.63046]]

 [[ 251.63663  303.61328]]

 [[ 182.13673  301.87756]]

 [[ 765.80096  235.77893]]

 [[ 690.65619  235.04276]]

 [[ 615.2511   233.99936]]

 [[ 539.32373  235.43488]]

 [[ 465.50851  232.44907]]

 [[ 391.38022  232.85429]]

 [[ 320.50858  232.56433]]

 [[ 248.56337  231.52722]]

 [[ 179.09299  230.53476]]] 
7 
 ---- corners subpix  [[[ 752.60852  595.22845]]

 [[ 680.02625  592.448  ]]

 [[ 607.72424  590.11145]]

 [[ 536.08038  587.61987]]

 [[ 466.03052  584.90698]]

 [[ 395.6402   582.94794]]

 [[ 325.71918  581.70526]]

 [[ 259.2084   577.51025]]

 [[ 192.33218  574.64166]]

 [[ 755.40619  525.50677]]

 [[ 682.15833  523.69525]]

 [[ 609.11993  521.70416]]

 [[ 536.72888  519.45905]]

 [[ 465.93442  516.98999]]

 [[ 395.44662  514.74713]]

 [[ 325.69162  512.49377]]

 [[ 257.11255  510.27206]]

 [[ 189.50885  507.96368]]

 [[ 757.86603  455.32996]]

 [[ 684.22015  453.79352]]

 [[ 610.41467  452.3678 ]]

 [[ 537.33258  450.46332]]

 [[ 465.82132  448.87997]]

 [[ 394.18906  447.41226]]

 [[ 323.4523   445.7327 ]]

 [[ 253.81351  443.86423]]

 [[ 186.22827  441.33316]]

 [[ 760.59857  383.039  ]]

 [[ 686.38196  382.16022]]

 [[ 611.82849  381.26569]]

 [[ 537.96863  380.01758]]

 [[ 465.45752  378.87057]]

 [[ 392.9144   377.44104]]

 [[ 321.66547  375.80325]]

 [[ 252.05925  373.89081]]

 [[ 183.73106  371.92374]]

 [[ 763.14154  310.29709]]

 [[ 688.24316  309.53299]]

 [[ 613.36407  308.81857]]

 [[ 538.67279  308.01321]]

 [[ 465.50394  307.15692]]

 [[ 392.69885  305.86707]]

 [[ 321.30505  304.57513]]

 [[ 251.25336  303.14276]]

 [[ 182.29131  301.85098]]

 [[ 765.76697  235.52089]]

 [[ 690.46014  235.01265]]

 [[ 614.63214  234.36343]]

 [[ 539.48535  233.84084]]

 [[ 465.78632  233.14487]]

 [[ 392.21152  232.53392]]

 [[ 320.09985  231.80653]]

 [[ 249.08598  230.98862]]

 [[ 179.04115  230.43422]]] 
8 
 ---- corners  [[[ 805.42548  620.68127]]

 [[ 724.41248  626.15515]]

 [[ 645.51538  631.63568]]

 [[ 568.56848  636.33661]]

 [[ 495.87854  641.25775]]

 [[ 423.14316  645.77545]]

 [[ 352.02911  650.43781]]

 [[ 288.99725  656.41943]]

 [[ 224.7206   661.28101]]

 [[ 796.79919  539.61249]]

 [[ 717.03467  546.21545]]

 [[ 639.40833  552.82751]]

 [[ 564.01654  559.06531]]

 [[ 491.79001  564.74786]]

 [[ 422.42386  571.52197]]

 [[ 354.68219  577.44165]]

 [[ 289.55579  583.71515]]

 [[ 226.96893  589.53674]]

 [[ 788.48193  463.04807]]

 [[ 710.30298  470.57031]]

 [[ 634.56262  477.99921]]

 [[ 561.32806  486.03174]]

 [[ 489.50818  493.03232]]

 [[ 419.72601  499.24371]]

 [[ 353.48108  506.55301]]

 [[ 288.50061  513.52655]]

 [[ 227.93777  521.00385]]

 [[ 779.33008  388.53928]]

 [[ 703.17938  396.47311]]

 [[ 628.44086  404.80908]]

 [[ 556.32111  412.61673]]

 [[ 486.18524  420.71664]]

 [[ 417.44244  429.17181]]

 [[ 352.64163  437.5621 ]]

 [[ 290.00269  446.23627]]

 [[ 230.63744  453.7063 ]]

 [[ 772.48145  317.96637]]

 [[ 697.49603  326.55121]]

 [[ 623.71747  335.67065]]

 [[ 552.32568  344.4931 ]]

 [[ 484.35931  353.12564]]

 [[ 417.63565  362.56873]]

 [[ 354.31992  372.03296]]

 [[ 292.92664  381.61057]]

 [[ 234.08478  391.17957]]

 [[ 764.76135  249.18849]]

 [[ 691.36639  258.76794]]

 [[ 619.37988  268.23859]]

 [[ 549.52209  278.49838]]

 [[ 482.72787  288.40207]]

 [[ 417.33252  298.04349]]

 [[ 354.36234  308.74533]]

 [[ 293.78671  318.36981]]

 [[ 234.86671  327.57114]]] 
8 
 ---- corners subpix  [[[ 805.73053  620.55127]]

 [[ 724.32416  626.25415]]

 [[ 645.24658  631.58722]]

 [[ 568.40161  636.7251 ]]

 [[ 495.3847   641.70825]]

 [[ 423.06009  646.27539]]

 [[ 352.28436  650.37097]]

 [[ 288.53262  656.07446]]

 [[ 224.90192  661.01801]]

 [[ 796.9538   539.78656]]

 [[ 717.07922  546.26196]]

 [[ 639.29858  552.76959]]

 [[ 564.0163   559.29999]]

 [[ 492.42789  565.56207]]

 [[ 422.37976  571.59491]]

 [[ 354.70044  577.52795]]

 [[ 289.6546   583.44458]]

 [[ 227.08369  589.39252]]

 [[ 788.69385  463.23312]]

 [[ 710.34155  470.54861]]

 [[ 634.20453  478.15732]]

 [[ 560.46765  485.78424]]

 [[ 489.50543  492.74045]]

 [[ 419.90979  499.62949]]

 [[ 353.24112  506.56296]]

 [[ 288.84869  513.58191]]

 [[ 227.87433  520.82166]]

 [[ 780.5683   388.57156]]

 [[ 703.58679  396.54663]]

 [[ 628.64197  404.85709]]

 [[ 555.99335  413.10657]]

 [[ 486.10593  420.84558]]

 [[ 417.72711  428.97919]]

 [[ 352.55896  437.26859]]

 [[ 290.28036  445.60699]]

 [[ 230.40311  453.94   ]]

 [[ 772.78821  317.73187]]

 [[ 697.6145   326.65613]]

 [[ 624.04089  335.57703]]

 [[ 552.45734  344.45062]]

 [[ 484.07605  353.26862]]

 [[ 417.70123  362.6926 ]]

 [[ 354.28519  372.43738]]

 [[ 292.91083  381.70496]]

 [[ 233.98553  390.64841]]

 [[ 765.35608  249.32584]]

 [[ 691.54651  258.7092 ]]

 [[ 619.63605  268.64432]]

 [[ 549.61237  278.49371]]

 [[ 482.62665  288.19205]]

 [[ 417.18289  298.0741 ]]

 [[ 354.49673  308.33319]]

 [[ 293.97708  318.23807]]

 [[ 234.95885  327.67484]]] 
9 
 ---- corners  [[[ 776.21948  578.67102]]

 [[ 700.31421  578.87726]]

 [[ 625.26385  580.34082]]

 [[ 551.72961  579.88049]]

 [[ 481.05164  582.70129]]

 [[ 410.95898  581.53455]]

 [[ 341.82922  582.21881]]

 [[ 277.31708  584.48376]]

 [[ 213.53668  585.79877]]

 [[ 771.66406  503.60867]]

 [[ 697.6496   505.07394]]

 [[ 623.51099  506.49048]]

 [[ 551.64557  508.64374]]

 [[ 482.06854  509.27066]]

 [[ 413.72876  511.91284]]

 [[ 347.21548  513.65381]]

 [[ 282.05386  515.68372]]

 [[ 218.80003  518.53033]]

 [[ 767.77155  433.46973]]

 [[ 695.10681  435.52899]]

 [[ 622.79803  436.83145]]

 [[ 551.46954  439.78894]]

 [[ 483.53891  441.46863]]

 [[ 414.3833   444.13043]]

 [[ 349.28134  446.35968]]

 [[ 284.59708  449.29715]]

 [[ 222.53896  452.93985]]

 [[ 764.33063  363.59894]]

 [[ 692.33392  365.73145]]

 [[ 620.54938  368.56247]]

 [[ 550.96613  371.43036]]

 [[ 483.51849  374.3511 ]]

 [[ 416.41248  377.09079]]

 [[ 351.52582  380.70248]]

 [[ 289.05099  384.51651]]

 [[ 227.8707   388.61334]]

 [[ 760.37793  297.83817]]

 [[ 689.55786  300.49042]]

 [[ 619.04175  304.06866]]

 [[ 551.35529  307.48151]]

 [[ 484.43933  310.15659]]

 [[ 419.4263   315.0148 ]]

 [[ 355.42078  319.55539]]

 [[ 293.99484  323.81433]]

 [[ 234.49529  328.54425]]

 [[ 756.55963  233.43677]]

 [[ 687.44653  236.86282]]

 [[ 618.78876  241.16402]]

 [[ 551.24048  244.39818]]

 [[ 485.93735  249.02202]]

 [[ 420.67853  253.73114]]

 [[ 358.83228  258.79578]]

 [[ 297.29471  263.84082]]

 [[ 238.2941   268.45383]]] 
9 
 ---- corners subpix  [[[ 776.6098   578.43903]]

 [[ 700.31818  579.35712]]

 [[ 625.50879  580.36383]]

 [[ 551.96143  580.87726]]

 [[ 481.4017   581.89301]]

 [[ 411.15906  582.3999 ]]

 [[ 341.81302  582.22601]]

 [[ 277.68573  584.57812]]

 [[ 213.5475   585.88409]]

 [[ 772.42773  503.79196]]

 [[ 697.55695  505.25894]]

 [[ 623.70789  506.69623]]

 [[ 551.59351  508.63193]]

 [[ 482.23962  510.38666]]

 [[ 413.70569  512.1344 ]]

 [[ 347.12515  513.7049 ]]

 [[ 281.93182  515.83032]]

 [[ 218.72368  517.98059]]

 [[ 768.3053   432.96036]]

 [[ 694.83777  434.89172]]

 [[ 622.47522  437.24707]]

 [[ 551.56378  439.77011]]

 [[ 482.90704  441.8728 ]]

 [[ 414.90543  444.30222]]

 [[ 348.82373  446.48618]]

 [[ 284.65726  449.19916]]

 [[ 222.90247  452.57278]]

 [[ 764.46039  363.61337]]

 [[ 692.18671  365.88016]]

 [[ 620.93018  368.6311 ]]

 [[ 550.91095  371.45401]]

 [[ 483.30954  374.10098]]

 [[ 416.2692   377.27097]]

 [[ 351.41479  380.73898]]

 [[ 288.96436  384.73615]]

 [[ 228.0564   388.70468]]

 [[ 760.578    297.63947]]

 [[ 689.66351  300.71017]]

 [[ 619.6156   303.771  ]]

 [[ 550.80902  307.00714]]

 [[ 484.24854  310.32236]]

 [[ 419.1109   314.6806 ]]

 [[ 355.50488  319.48383]]

 [[ 294.13095  324.0011 ]]

 [[ 234.2191   328.5636 ]]

 [[ 756.73077  233.77443]]

 [[ 687.20209  236.95868]]

 [[ 618.49445  240.94102]]

 [[ 550.95349  244.76382]]

 [[ 485.60834  248.96457]]

 [[ 421.09525  253.42068]]

 [[ 358.61353  258.55511]]

 [[ 297.60812  263.47284]]

 [[ 238.11542  268.2876 ]]] 
10 
 ---- corners  [[[ 834.51025  596.49188]]

 [[ 754.00092  596.94006]]

 [[ 675.73932  597.3056 ]]

 [[ 599.97351  597.67847]]

 [[ 528.97144  600.18396]]

 [[ 459.16254  601.00696]]

 [[ 390.79861  599.90881]]

 [[ 329.54688  602.4541 ]]

 [[ 269.75082  603.42578]]

 [[ 830.4826   516.84735]]

 [[ 750.93829  519.74597]]

 [[ 674.31934  521.43036]]

 [[ 601.58832  523.64166]]

 [[ 530.97626  526.26111]]

 [[ 462.67075  529.04529]]

 [[ 397.55615  530.534  ]]

 [[ 335.82944  533.10071]]

 [[ 275.63226  535.94897]]

 [[ 827.49225  441.92123]]

 [[ 749.47784  445.6799 ]]

 [[ 674.57629  448.95523]]

 [[ 601.95764  453.51187]]

 [[ 532.92578  455.93304]]

 [[ 465.34338  459.53406]]

 [[ 400.53076  463.07977]]

 [[ 339.43884  466.51288]]

 [[ 280.90399  470.97632]]

 [[ 823.48608  369.42282]]

 [[ 747.41248  373.69849]]

 [[ 673.44275  378.52206]]

 [[ 602.44568  382.10037]]

 [[ 533.45551  386.99445]]

 [[ 467.38672  391.63339]]

 [[ 404.60867  396.77127]]

 [[ 344.51266  402.30304]]

 [[ 287.62656  407.62802]]

 [[ 820.96582  300.40869]]

 [[ 746.04352  306.08377]]

 [[ 672.8457   311.32104]]

 [[ 603.0592   316.69769]]

 [[ 536.42963  321.87567]]

 [[ 471.79816  328.79971]]

 [[ 409.64005  335.75089]]

 [[ 351.60425  341.6293 ]]

 [[ 294.97433  348.03433]]

 [[ 817.93146  234.00641]]

 [[ 744.43579  239.9933 ]]

 [[ 673.22021  246.69403]]

 [[ 604.19525  254.05368]]

 [[ 539.34393  260.31793]]

 [[ 475.12234  267.17276]]

 [[ 414.5495   274.50192]]

 [[ 356.54861  281.4447 ]]

 [[ 300.0282   288.23566]]] 
10 
 ---- corners subpix  [[[ 834.69904  596.4151 ]]

 [[ 753.88116  597.51654]]

 [[ 675.6665   598.35956]]

 [[ 600.22162  599.09003]]

 [[ 529.01617  600.0274 ]]

 [[ 458.87811  600.40466]]

 [[ 390.73151  600.00446]]

 [[ 329.7594   602.62891]]

 [[ 269.18478  604.0022 ]]

 [[ 831.07874  517.06061]]

 [[ 751.44641  519.36072]]

 [[ 674.53748  521.53955]]

 [[ 600.88361  524.06488]]

 [[ 530.98523  526.41229]]

 [[ 462.96799  528.74213]]

 [[ 397.81223  530.86017]]

 [[ 335.44083  533.39825]]

 [[ 275.70105  535.82526]]

 [[ 827.62311  442.25229]]

 [[ 749.58691  445.66629]]

 [[ 674.25256  449.23923]]

 [[ 601.90454  453.16611]]

 [[ 532.59528  456.31912]]

 [[ 465.23456  459.6286 ]]

 [[ 400.69174  463.15216]]

 [[ 339.12238  466.71909]]

 [[ 280.95901  470.85535]]

 [[ 824.23389  369.37595]]

 [[ 747.65997  373.6084 ]]

 [[ 673.52527  378.21155]]

 [[ 601.8429   382.72418]]

 [[ 533.68176  387.07584]]

 [[ 467.43777  391.70331]]

 [[ 404.5098   396.73196]]

 [[ 344.73538  402.25235]]

 [[ 287.43732  407.57639]]

 [[ 820.91211  300.34702]]

 [[ 746.07397  305.72449]]

 [[ 673.32416  311.25998]]

 [[ 602.96893  316.63068]]

 [[ 536.13257  322.22137]]

 [[ 471.65384  328.69693]]

 [[ 410.27487  335.37683]]

 [[ 351.45959  341.70062]]

 [[ 294.94186  347.87299]]

 [[ 817.98279  233.73999]]

 [[ 744.5589   239.90768]]

 [[ 673.39081  246.68719]]

 [[ 604.4386   253.38124]]

 [[ 539.03857  259.85507]]

 [[ 475.21432  266.86884]]

 [[ 414.64276  274.37347]]

 [[ 356.34741  281.49155]]

 [[ 299.84564  288.28116]]] 
11 
 ---- corners  [[[ 726.66858  544.09058]]

 [[ 655.40619  542.28223]]

 [[ 584.43658  542.36127]]

 [[ 514.72406  541.46594]]

 [[ 445.91302  540.37787]]

 [[ 377.16821  538.6203 ]]

 [[ 309.59079  537.32794]]

 [[ 244.80472  538.00824]]

 [[ 180.44786  537.6488 ]]

 [[ 724.99396  473.61725]]

 [[ 655.04376  472.81247]]

 [[ 584.65509  472.68073]]

 [[ 515.78589  471.58765]]

 [[ 448.55533  471.98975]]

 [[ 381.46045  471.40384]]

 [[ 314.34113  470.90851]]

 [[ 250.77478  470.55777]]

 [[ 186.49947  471.2991 ]]

 [[ 723.34009  406.49661]]

 [[ 654.1015   406.38531]]

 [[ 585.34808  405.9404 ]]

 [[ 516.42236  405.8334 ]]

 [[ 450.31525  406.03839]]

 [[ 383.35355  405.63718]]

 [[ 318.62689  405.6897 ]]

 [[ 254.11469  406.23895]]

 [[ 191.32793  408.00256]]

 [[ 720.79309  340.96707]]

 [[ 652.94641  340.51141]]

 [[ 585.36469  340.78726]]

 [[ 517.64172  340.53238]]

 [[ 452.13696  340.68079]]

 [[ 386.4162   340.96335]]

 [[ 321.98022  342.42743]]

 [[ 258.73529  343.75797]]

 [[ 197.5741   345.65472]]

 [[ 718.94647  278.4953 ]]

 [[ 652.01593  277.92267]]

 [[ 584.84631  278.66702]]

 [[ 518.62848  278.34219]]

 [[ 453.71802  279.33978]]

 [[ 389.88547  280.71329]]

 [[ 326.43564  282.92554]]

 [[ 264.21533  284.33795]]

 [[ 204.39491  286.20035]]

 [[ 716.88501  216.99248]]

 [[ 650.6239   217.40659]]

 [[ 584.92102  217.84789]]

 [[ 520.30933  218.42453]]

 [[ 456.4267   219.47778]]

 [[ 392.48251  221.04037]]

 [[ 330.35638  223.29576]]

 [[ 269.91043  224.90503]]

 [[ 209.10474  227.03461]]] 
11 
 ---- corners subpix  [[[ 727.20618  543.88409]]

 [[ 655.54413  542.99872]]

 [[ 584.60425  542.19647]]

 [[ 514.36096  541.16907]]

 [[ 445.87201  540.32977]]

 [[ 377.36728  538.92871]]

 [[ 309.32019  537.26917]]

 [[ 245.04913  537.85327]]

 [[ 180.44189  537.7309 ]]

 [[ 725.17572  473.62637]]

 [[ 654.74988  472.83447]]

 [[ 584.72797  472.44901]]

 [[ 515.55475  472.08224]]

 [[ 448.24637  471.72311]]

 [[ 381.13672  471.46741]]

 [[ 315.07645  471.32465]]

 [[ 250.35243  471.24026]]

 [[ 186.58696  471.45532]]

 [[ 723.14404  406.6893 ]]

 [[ 653.80475  406.29147]]

 [[ 584.98853  406.0051 ]]

 [[ 516.7804   406.228  ]]

 [[ 450.23395  405.95526]]

 [[ 383.5835   405.7655 ]]

 [[ 318.35373  405.99619]]

 [[ 254.00105  406.50168]]

 [[ 191.66634  407.73276]]

 [[ 721.02039  340.98373]]

 [[ 652.9281   340.52789]]

 [[ 585.14337  340.53781]]

 [[ 517.65936  340.61679]]

 [[ 451.86124  340.60898]]

 [[ 386.20001  341.07407]]

 [[ 321.8916   342.19406]]

 [[ 259.15359  343.62228]]

 [[ 197.5845   345.40695]]

 [[ 719.00897  278.36816]]

 [[ 652.04578  278.35947]]

 [[ 585.11511  278.3215 ]]

 [[ 518.74329  278.47946]]

 [[ 454.05182  279.02222]]

 [[ 389.60617  280.63   ]]

 [[ 326.65302  282.52322]]

 [[ 264.8916   284.42773]]

 [[ 204.27103  286.3309 ]]

 [[ 716.81946  217.3743 ]]

 [[ 650.87549  217.29027]]

 [[ 585.15588  217.88539]]

 [[ 520.06964  218.48624]]

 [[ 456.31845  219.46858]]

 [[ 392.73816  220.76956]]

 [[ 330.52075  223.11333]]

 [[ 269.38751  225.15155]]

 [[ 208.8989   226.90489]]] 
12 
 ---- corners  [[[ 739.62592  583.28607]]

 [[ 668.70959  583.99744]]

 [[ 595.47052  583.48102]]

 [[ 522.54413  583.93158]]

 [[ 449.96121  584.53766]]

 [[ 376.94345  585.01355]]

 [[ 303.53668  583.46155]]

 [[ 230.49165  585.94879]]

 [[ 157.9659   587.59314]]

 [[ 734.99225  510.59225]]

 [[ 664.33459  511.03146]]

 [[ 593.22632  511.76743]]

 [[ 521.74829  511.0629 ]]

 [[ 450.38431  512.48663]]

 [[ 377.47757  512.87671]]

 [[ 305.5947   512.64734]]

 [[ 234.30701  513.63434]]

 [[ 162.21773  514.55487]]

 [[ 729.7713   441.52094]]

 [[ 659.65118  441.46121]]

 [[ 590.51923  442.00784]]

 [[ 519.49664  442.52225]]

 [[ 449.53781  442.45746]]

 [[ 378.43393  442.46826]]

 [[ 306.66519  443.53375]]

 [[ 236.38626  443.80637]]

 [[ 165.87785  445.64944]]

 [[ 724.18518  374.46664]]

 [[ 656.44385  374.45831]]

 [[ 587.79681  374.84753]]

 [[ 517.8396   374.09235]]

 [[ 449.04773  373.65891]]

 [[ 378.61227  374.13071]]

 [[ 309.38306  374.59695]]

 [[ 239.74986  376.05115]]

 [[ 170.35822  377.47888]]

 [[ 719.41748  311.2951 ]]

 [[ 652.66144  309.88998]]

 [[ 585.04608  309.48987]]

 [[ 516.6687   308.79672]]

 [[ 448.35785  309.3699 ]]

 [[ 379.6084   309.44489]]

 [[ 311.70169  311.16104]]

 [[ 243.08151  311.94812]]

 [[ 174.48569  314.25488]]

 [[ 714.73804  248.77467]]

 [[ 649.03766  247.49606]]

 [[ 582.52197  246.91653]]

 [[ 515.38214  246.39613]]

 [[ 448.5603   246.20969]]

 [[ 380.58273  246.68788]]

 [[ 313.45245  247.48738]]

 [[ 245.9043   248.74431]]

 [[ 179.09195  249.48875]]] 
12 
 ---- corners subpix  [[[ 740.30957  582.68207]]

 [[ 668.10272  583.30768]]

 [[ 595.38409  583.63702]]

 [[ 522.50067  583.92053]]

 [[ 450.16965  584.55896]]

 [[ 376.71262  584.63843]]

 [[ 303.24695  584.11713]]

 [[ 230.95369  586.19238]]

 [[ 158.03011  587.39075]]

 [[ 734.96777  510.64078]]

 [[ 664.39136  510.72552]]

 [[ 592.75684  511.00949]]

 [[ 520.91589  511.47464]]

 [[ 449.72574  511.89301]]

 [[ 377.73294  512.42664]]

 [[ 305.96896  512.91425]]

 [[ 234.12857  513.70819]]

 [[ 162.41118  514.69019]]

 [[ 729.62769  442.05188]]

 [[ 660.40131  441.82581]]

 [[ 590.11401  441.85944]]

 [[ 519.48547  442.4498 ]]

 [[ 449.44498  442.48749]]

 [[ 378.48111  442.56073]]

 [[ 307.25204  443.03238]]

 [[ 236.30388  443.78723]]

 [[ 166.02435  445.2825 ]]

 [[ 724.54517  374.96289]]

 [[ 656.75311  374.26389]]

 [[ 587.65649  374.01669]]

 [[ 518.09167  373.87885]]

 [[ 449.17386  373.65622]]

 [[ 378.95111  373.8414 ]]

 [[ 309.16354  374.48364]]

 [[ 239.52831  375.87253]]

 [[ 170.30511  377.40091]]

 [[ 719.64313  310.9711 ]]

 [[ 652.75244  310.0936 ]]

 [[ 585.06952  309.54929]]

 [[ 516.70056  309.00006]]

 [[ 448.76117  308.67401]]

 [[ 379.91919  309.57025]]

 [[ 311.44598  310.8782 ]]

 [[ 243.26646  312.03311]]

 [[ 175.17819  313.61172]]

 [[ 714.71484  248.71498]]

 [[ 649.0882   247.54501]]

 [[ 582.40112  247.04105]]

 [[ 515.24506  246.50253]]

 [[ 448.41489  246.25473]]

 [[ 380.77481  246.51631]]

 [[ 313.36569  247.57083]]

 [[ 246.08324  248.55145]]

 [[ 178.72583  249.51289]]] 
13 
 ---- corners  [[[ 705.86908  554.49408]]

 [[ 634.33337  555.38617]]

 [[ 562.96405  556.06073]]

 [[ 491.48035  556.43878]]

 [[ 422.02405  556.86456]]

 [[ 350.47476  557.88849]]

 [[ 280.69781  558.8631 ]]

 [[ 213.58553  558.82776]]

 [[ 145.81613  559.67004]]

 [[ 704.19043  482.81219]]

 [[ 633.07031  484.00922]]

 [[ 561.50391  484.9158 ]]

 [[ 490.03006  485.47897]]

 [[ 420.15491  485.98315]]

 [[ 349.82098  487.50671]]

 [[ 281.17142  488.08054]]

 [[ 212.38498  489.37946]]

 [[ 145.45619  489.91675]]

 [[ 702.30884  411.65631]]

 [[ 630.4585   412.55627]]

 [[ 559.75885  414.11002]]

 [[ 488.90182  415.20261]]

 [[ 418.9642   415.85629]]

 [[ 348.39084  417.63745]]

 [[ 278.61353  418.97977]]

 [[ 210.37924  420.09573]]

 [[ 142.74567  421.25858]]

 [[ 699.58679  340.06201]]

 [[ 628.86505  341.94827]]

 [[ 558.16248  342.8764 ]]

 [[ 486.93842  344.39127]]

 [[ 417.09369  345.5256 ]]

 [[ 346.55875  346.94632]]

 [[ 277.13449  348.40921]]

 [[ 208.44812  350.255  ]]

 [[ 142.66869  351.60751]]

 [[ 698.40833  269.74438]]

 [[ 627.50659  271.23071]]

 [[ 556.09998  273.87067]]

 [[ 484.42075  273.6535 ]]

 [[ 415.18942  276.24207]]

 [[ 345.70193  277.36267]]

 [[ 276.49567  279.47446]]

 [[ 208.68698  280.62286]]

 [[ 142.00673  283.03339]]

 [[ 696.00299  199.44376]]

 [[ 625.46283  200.50807]]

 [[ 554.36884  201.83206]]

 [[ 484.18423  203.56468]]

 [[ 414.71677  205.91637]]

 [[ 344.1286   208.56667]]

 [[ 275.73923  209.78394]]

 [[ 208.37114  211.63759]]

 [[ 140.12126  213.91794]]] 
13 
 ---- corners subpix  [[[ 706.08594  554.73315]]

 [[ 634.27875  555.3374 ]]

 [[ 562.79114  556.06073]]

 [[ 491.54565  556.63171]]

 [[ 421.73407  557.07013]]

 [[ 351.21344  557.72803]]

 [[ 280.86407  558.64868]]

 [[ 213.67159  558.94141]]

 [[ 145.99741  559.4632 ]]

 [[ 704.1712   482.57135]]

 [[ 632.83856  483.65707]]

 [[ 561.27954  484.6221 ]]

 [[ 490.07779  485.40872]]

 [[ 420.24347  486.08551]]

 [[ 350.32922  487.06845]]

 [[ 281.07159  487.7486 ]]

 [[ 212.6055   488.74426]]

 [[ 144.79297  489.57864]]

 [[ 702.31     411.76859]]

 [[ 630.89258  412.81366]]

 [[ 559.71033  414.06989]]

 [[ 488.56442  415.20755]]

 [[ 418.65329  416.26141]]

 [[ 348.43045  417.53867]]

 [[ 278.82788  418.59894]]

 [[ 210.18555  419.87894]]

 [[ 143.02081  420.9985 ]]

 [[ 700.25555  340.34216]]

 [[ 629.42609  341.49768]]

 [[ 558.14447  342.87344]]

 [[ 486.83124  344.22354]]

 [[ 416.99719  345.50241]]

 [[ 346.5199   346.85889]]

 [[ 277.26923  348.33624]]

 [[ 209.17943  349.935  ]]

 [[ 141.99609  351.44391]]

 [[ 698.32037  269.84189]]

 [[ 627.45026  271.2731 ]]

 [[ 556.37329  272.60834]]

 [[ 485.33774  274.06323]]

 [[ 415.48318  275.57361]]

 [[ 345.55142  277.44513]]

 [[ 276.77838  279.42929]]

 [[ 208.89734  281.27872]]

 [[ 142.04062  283.29919]]

 [[ 695.84021  199.33334]]

 [[ 625.48535  200.60356]]

 [[ 554.57483  202.13054]]

 [[ 483.76266  203.90384]]

 [[ 414.33578  205.62224]]

 [[ 344.44363  207.62604]]

 [[ 275.53842  209.89166]]

 [[ 207.64452  212.15067]]

 [[ 140.29077  214.25909]]] 
14 
 ---- corners  [[[ 753.29651  559.36108]]

 [[ 684.71454  557.19879]]

 [[ 614.80341  554.26135]]

 [[ 543.97101  552.06842]]

 [[ 472.98846  549.56531]]

 [[ 400.47336  547.11145]]

 [[ 326.40182  544.82257]]

 [[ 252.72028  542.08026]]

 [[ 176.89311  539.34717]]

 [[ 757.4635   488.41745]]

 [[ 689.51971  485.51831]]

 [[ 619.12891  482.59384]]

 [[ 548.51154  479.65918]]

 [[ 477.22382  476.7179 ]]

 [[ 404.4859   473.11667]]

 [[ 330.46085  470.3009 ]]

 [[ 255.68024  467.47641]]

 [[ 180.87602  463.82816]]

 [[ 761.13562  417.52319]]

 [[ 693.63354  415.40536]]

 [[ 623.5      411.5    ]]

 [[ 551.8559   407.65387]]

 [[ 480.78262  405.63321]]

 [[ 407.97388  401.16263]]

 [[ 334.06787  398.0304 ]]

 [[ 258.37247  393.87466]]

 [[ 184.37468  390.32791]]

 [[ 765.02435  347.0506 ]]

 [[ 695.47467  343.47226]]

 [[ 627.4903   339.32394]]

 [[ 556.55353  335.75439]]

 [[ 485.70615  331.7569 ]]

 [[ 412.26114  327.68295]]

 [[ 337.43082  322.67801]]

 [[ 263.25717  319.46478]]

 [[ 187.47832  315.40814]]

 [[ 767.34637  277.58798]]

 [[ 699.77319  271.32782]]

 [[ 630.61566  268.83875]]

 [[ 561.16858  264.46945]]

 [[ 488.43399  259.39655]]

 [[ 415.5462   254.27315]]

 [[ 341.54938  249.92317]]

 [[ 265.59598  245.21558]]

 [[ 191.79024  241.46687]]

 [[ 770.52283  206.07159]]

 [[ 703.84113  201.46503]]

 [[ 634.5      196.     ]]

 [[ 563.19672  191.17288]]

 [[ 491.68076  185.3091 ]]

 [[ 418.04218  181.25401]]

 [[ 346.07571  176.98381]]

 [[ 271.14279  170.99301]]

 [[ 196.22211  166.70894]]] 
14 
 ---- corners subpix  [[[ 753.44165  559.49249]]

 [[ 684.75201  556.94824]]

 [[ 614.91034  554.56171]]

 [[ 544.08423  552.19781]]

 [[ 472.93842  549.54077]]

 [[ 400.2373   547.11987]]

 [[ 326.60733  544.9726 ]]

 [[ 252.38599  541.89777]]

 [[ 177.13876  539.19696]]

 [[ 757.41272  488.41772]]

 [[ 689.31982  485.68298]]

 [[ 619.45416  482.71814]]

 [[ 548.31439  479.77969]]

 [[ 476.94885  476.6304 ]]

 [[ 404.21738  473.48489]]

 [[ 330.46564  470.44543]]

 [[ 256.10931  467.36618]]

 [[ 180.92749  464.12268]]

 [[ 760.86877  418.1752 ]]

 [[ 692.96509  415.10022]]

 [[ 623.39191  411.61774]]

 [[ 552.08197  408.06714]]

 [[ 481.23871  404.62878]]

 [[ 408.18835  401.1965 ]]

 [[ 334.22632  397.78329]]

 [[ 259.30716  394.22241]]

 [[ 184.16455  390.4696 ]]

 [[ 764.66986  347.20325]]

 [[ 697.27966  343.40903]]

 [[ 627.70618  339.41098]]

 [[ 556.73639  335.56818]]

 [[ 485.56952  331.49765]]

 [[ 412.29047  327.55545]]

 [[ 338.05383  323.33203]]

 [[ 263.23193  319.46881]]

 [[ 187.81863  315.33521]]

 [[ 767.87952  276.98209]]

 [[ 700.42493  272.50479]]

 [[ 631.13495  267.97302]]

 [[ 560.54828  263.42465]]

 [[ 489.19666  258.82288]]

 [[ 415.78732  254.44495]]

 [[ 341.69385  250.16632]]

 [[ 267.16379  245.66518]]

 [[ 191.81622  241.49777]]

 [[ 770.91888  206.26758]]

 [[ 703.74054  201.07771]]

 [[ 634.39209  195.94495]]

 [[ 563.57672  190.80865]]

 [[ 492.57278  185.64322]]

 [[ 419.40976  180.66042]]

 [[ 345.39587  176.00745]]

 [[ 270.61316  171.218  ]]

 [[ 195.35951  166.45206]]] 
15 
 ---- corners  [[[ 825.47937  567.73175]]

 [[ 757.15051  571.33112]]

 [[ 687.81488  574.67145]]

 [[ 616.71252  578.36755]]

 [[ 544.97327  581.68756]]

 [[ 471.39349  585.19446]]

 [[ 396.43793  589.9848 ]]

 [[ 319.13675  592.42444]]

 [[ 241.17381  595.59094]]

 [[ 825.54767  496.10764]]

 [[ 758.12463  498.74393]]

 [[ 688.59241  501.81445]]

 [[ 617.07581  504.28928]]

 [[ 544.73187  506.96817]]

 [[ 470.52283  509.58011]]

 [[ 394.96155  512.59119]]

 [[ 318.03461  515.40765]]

 [[ 239.20808  518.54156]]

 [[ 824.5578   424.85043]]

 [[ 757.76044  426.7543 ]]

 [[ 688.05817  428.73267]]

 [[ 615.81226  429.99091]]

 [[ 544.36298  433.58832]]

 [[ 469.96512  434.43863]]

 [[ 394.06982  437.4599 ]]

 [[ 315.94818  439.17972]]

 [[ 238.19612  441.09637]]

 [[ 825.5      351.     ]]

 [[ 758.46667  353.50095]]

 [[ 687.4845   354.22067]]

 [[ 617.94794  355.42236]]

 [[ 545.55457  357.96912]]

 [[ 470.46545  358.45944]]

 [[ 393.88504  360.76904]]

 [[ 314.39658  362.13107]]

 [[ 235.07622  362.38965]]

 [[ 825.5      279.5    ]]

 [[ 756.22638  279.34766]]

 [[ 689.72345  279.89185]]

 [[ 616.12781  280.38412]]

 [[ 544.5625   281.42993]]

 [[ 468.82605  282.25876]]

 [[ 390.75342  283.79428]]

 [[ 312.78751  282.97354]]

 [[ 233.97594  284.52887]]

 [[ 824.5      206.5    ]]

 [[ 756.73657  206.68443]]

 [[ 689.18256  205.90318]]

 [[ 616.16217  205.31042]]

 [[ 541.61761  204.12807]]

 [[ 467.24133  206.77486]]

 [[ 390.24185  204.81671]]

 [[ 312.1593   205.09006]]

 [[ 232.99287  206.245  ]]] 
15 
 ---- corners subpix  [[[ 825.36548  567.9812 ]]

 [[ 757.35291  571.26837]]

 [[ 687.80255  574.62152]]

 [[ 616.71277  578.28046]]

 [[ 544.73639  581.53638]]

 [[ 471.29071  585.45422]]

 [[ 396.59122  589.99377]]

 [[ 319.29248  592.5177 ]]

 [[ 240.96071  596.09906]]

 [[ 825.58191  495.88416]]

 [[ 758.41547  498.86053]]

 [[ 688.57349  501.69955]]

 [[ 617.06708  504.22552]]

 [[ 544.6225   506.77002]]

 [[ 470.49258  509.7084 ]]

 [[ 394.87973  512.55762]]

 [[ 317.79538  515.42413]]

 [[ 239.27962  518.37946]]

 [[ 825.68744  424.45996]]

 [[ 758.29456  426.6142 ]]

 [[ 688.55609  428.6178 ]]

 [[ 616.68768  430.55362]]

 [[ 544.67078  432.81018]]

 [[ 470.25034  435.11441]]

 [[ 394.14008  437.37384]]

 [[ 316.41513  439.54312]]

 [[ 237.41348  441.47745]]

 [[ 825.81732  351.64651]]

 [[ 758.97308  352.94852]]

 [[ 689.23706  354.49442]]

 [[ 617.65631  355.90594]]

 [[ 545.26172  357.37698]]

 [[ 470.0907   358.58453]]

 [[ 393.1871   359.97321]]

 [[ 314.96298  361.39487]]

 [[ 235.6445   362.62845]]

 [[ 825.62732  279.46506]]

 [[ 758.26813  279.88992]]

 [[ 688.82391  280.56638]]

 [[ 617.14404  280.93329]]

 [[ 544.45581  281.49149]]

 [[ 468.7099   282.27637]]

 [[ 391.60785  283.12134]]

 [[ 313.53906  283.62592]]

 [[ 234.20473  284.52603]]

 [[ 824.97144  206.37637]]

 [[ 757.79742  205.88339]]

 [[ 687.87762  205.56842]]

 [[ 616.04047  205.27687]]

 [[ 543.10443  204.82599]]

 [[ 467.5307   204.74518]]

 [[ 390.41904  204.83315]]

 [[ 311.89612  204.86728]]

 [[ 232.306    205.16438]]] 
16 
 ---- corners  [[[ 812.80499  565.10559]]

 [[ 744.61066  565.521  ]]

 [[ 674.97778  566.19879]]

 [[ 603.99384  566.82336]]

 [[ 532.23645  567.12469]]

 [[ 458.67059  567.91638]]

 [[ 383.68707  569.25598]]

 [[ 306.2045   568.6131 ]]

 [[ 228.14944  569.17419]]

 [[ 814.70154  493.30991]]

 [[ 748.13971  492.97339]]

 [[ 678.47278  492.96564]]

 [[ 606.81152  492.56616]]

 [[ 534.71332  492.44263]]

 [[ 460.0213   492.11584]]

 [[ 384.96524  491.84836]]

 [[ 308.25494  491.94312]]

 [[ 229.13184  491.67706]]

 [[ 816.66699  421.5256 ]]

 [[ 749.46118  420.38361]]

 [[ 680.79999  420.04111]]

 [[ 609.27209  419.40747]]

 [[ 536.49298  419.06616]]

 [[ 462.49457  417.0463 ]]

 [[ 386.39902  417.48947]]

 [[ 309.35748  415.91895]]

 [[ 228.79683  414.89093]]

 [[ 820.       349.     ]]

 [[ 753.5      347.5    ]]

 [[ 683.50653  345.58203]]

 [[ 611.73889  345.0387 ]]

 [[ 540.29437  342.60693]]

 [[ 465.88239  340.5929 ]]

 [[ 387.72186  338.72568]]

 [[ 311.5      337.     ]]

 [[ 231.5      335.5    ]]

 [[ 822.5      276.5    ]]

 [[ 753.29852  273.84061]]

 [[ 686.       272.     ]]

 [[ 614.85474  269.37518]]

 [[ 542.5      267.5    ]]

 [[ 467.52634  265.86539]]

 [[ 389.54211  262.37714]]

 [[ 311.30649  259.43848]]

 [[ 231.81841  258.59787]]

 [[ 822.73663  203.30243]]

 [[ 756.08191  200.53412]]

 [[ 687.20795  195.73293]]

 [[ 615.58496  195.01074]]

 [[ 542.67853  189.51895]]

 [[ 468.5      187.5    ]]

 [[ 392.94412  185.07523]]

 [[ 313.33148  182.45963]]

 [[ 235.63226  178.85129]]] 
16 
 ---- corners subpix  [[[ 812.67249  564.94495]]

 [[ 744.76941  565.45416]]

 [[ 675.19434  566.2511 ]]

 [[ 604.13043  566.70239]]

 [[ 532.27313  567.16162]]

 [[ 458.42792  567.98639]]

 [[ 383.57849  569.24823]]

 [[ 306.42136  568.94812]]

 [[ 227.78061  569.45105]]

 [[ 815.36017  492.80365]]

 [[ 748.22351  492.97278]]

 [[ 678.55878  492.96652]]

 [[ 606.79889  492.62567]]

 [[ 534.61804  492.30634]]

 [[ 460.45169  492.17392]]

 [[ 384.7742   491.91028]]

 [[ 307.66809  491.7854 ]]

 [[ 229.26175  491.52917]]

 [[ 817.67346  421.3551 ]]

 [[ 750.50964  420.65952]]

 [[ 680.86047  419.97919]]

 [[ 609.2077   418.94687]]

 [[ 537.35352  418.31714]]

 [[ 462.86539  417.48788]]

 [[ 386.81094  416.63345]]

 [[ 309.27396  415.65005]]

 [[ 230.22993  414.50388]]

 [[ 820.28015  348.68066]]

 [[ 753.50751  347.36157]]

 [[ 684.03778  345.72446]]

 [[ 612.64581  344.23099]]

 [[ 540.60022  342.64771]]

 [[ 465.45105  340.94186]]

 [[ 388.72028  339.22598]]

 [[ 310.73001  337.49606]]

 [[ 231.6196   335.71643]]

 [[ 822.39709  276.60898]]

 [[ 755.34009  274.28851]]

 [[ 686.04102  271.9278 ]]

 [[ 614.84167  269.43164]]

 [[ 542.29309  266.95709]]

 [[ 466.81696  264.63849]]

 [[ 390.04663  262.30072]]

 [[ 312.01123  259.97009]]

 [[ 232.84543  257.51819]]

 [[ 824.07733  203.72964]]

 [[ 757.35492  200.3434 ]]

 [[ 687.77417  196.99667]]

 [[ 616.1817   193.87878]]

 [[ 543.67078  190.49004]]

 [[ 468.45328  187.39223]]

 [[ 391.60049  184.46947]]

 [[ 313.59161  181.35638]]

 [[ 234.20775  178.26419]]] 
17 
 ---- corners  [[[ 743.14984  562.76343]]

 [[ 669.34753  559.09949]]

 [[ 598.21698  554.97992]]

 [[ 529.47125  551.57977]]

 [[ 464.62201  547.89819]]

 [[ 400.51605  544.47321]]

 [[ 337.47275  541.28436]]

 [[ 282.09399  538.03265]]

 [[ 226.97479  535.45331]]

 [[ 743.65863  487.82465]]

 [[ 669.92059  484.87518]]

 [[ 599.1861   482.85495]]

 [[ 531.0506   480.47153]]

 [[ 466.0495   478.03131]]

 [[ 402.79242  476.61395]]

 [[ 342.50806  473.94879]]

 [[ 285.02069  472.51038]]

 [[ 229.56802  470.74219]]

 [[ 744.81116  413.89246]]

 [[ 671.80847  413.10641]]

 [[ 600.3645   412.15497]]

 [[ 532.48865  411.06104]]

 [[ 467.75455  410.29599]]

 [[ 403.9259   409.14072]]

 [[ 343.60803  408.99567]]

 [[ 285.80664  408.1369 ]]

 [[ 231.40178  407.87766]]

 [[ 745.03009  340.46658]]

 [[ 672.27588  340.46509]]

 [[ 601.43738  340.4848 ]]

 [[ 533.57599  341.1756 ]]

 [[ 468.2822   341.56595]]

 [[ 405.4649   342.07825]]

 [[ 345.51266  342.68707]]

 [[ 289.05701  343.44263]]

 [[ 234.52478  344.62927]]

 [[ 746.58337  268.71155]]

 [[ 673.81927  269.71515]]

 [[ 603.72961  271.25729]]

 [[ 535.33612  273.19327]]

 [[ 470.77802  274.30435]]

 [[ 408.66718  276.51367]]

 [[ 349.46182  278.73117]]

 [[ 293.53262  280.49573]]

 [[ 238.9926   282.97473]]

 [[ 747.82672  196.69438]]

 [[ 675.5733   199.50478]]

 [[ 605.18524  202.30658]]

 [[ 537.68567  205.96408]]

 [[ 473.8465   207.77701]]

 [[ 411.54575  211.04135]]

 [[ 352.57166  214.20293]]

 [[ 295.51355  217.57228]]

 [[ 241.48819  220.43303]]] 
17 
 ---- corners subpix  [[[ 743.19592  562.8327 ]]

 [[ 669.34204  558.95496]]

 [[ 598.1615   555.02112]]

 [[ 529.37964  551.48407]]

 [[ 464.44995  547.81696]]

 [[ 400.34799  544.42902]]

 [[ 337.63388  541.10956]]

 [[ 282.28748  538.28998]]

 [[ 226.84023  535.53497]]

 [[ 743.79596  487.48764]]

 [[ 670.24329  484.95636]]

 [[ 599.15619  482.66953]]

 [[ 530.83478  480.45239]]

 [[ 466.10995  478.25613]]

 [[ 403.20761  476.3046 ]]

 [[ 342.81036  474.33835]]

 [[ 284.96024  472.52939]]

 [[ 229.64445  470.76593]]

 [[ 744.81567  414.0726 ]]

 [[ 671.53455  412.8779 ]]

 [[ 600.67999  412.01083]]

 [[ 532.63501  411.06717]]

 [[ 467.59955  410.3475 ]]

 [[ 404.16583  409.41516]]

 [[ 343.62601  408.70139]]

 [[ 285.7366   408.11017]]

 [[ 231.55336  407.77231]]

 [[ 745.71527  340.42169]]

 [[ 672.49969  340.51392]]

 [[ 601.71875  340.76532]]

 [[ 533.48547  341.21576]]

 [[ 468.36319  341.57065]]

 [[ 405.30264  342.05164]]

 [[ 345.478    342.66745]]

 [[ 288.94342  343.47946]]

 [[ 234.56067  344.3985 ]]

 [[ 746.60706  268.57706]]

 [[ 674.01624  269.91635]]

 [[ 603.4375   271.41241]]

 [[ 535.34015  272.84271]]

 [[ 470.65076  274.37134]]

 [[ 408.60876  276.47684]]

 [[ 349.68713  278.56808]]

 [[ 293.36353  280.59091]]

 [[ 239.20998  282.71069]]

 [[ 747.65527  196.87642]]

 [[ 675.3421   199.37524]]

 [[ 605.40363  202.27985]]

 [[ 537.80475  205.22377]]

 [[ 473.66049  207.79044]]

 [[ 411.48288  210.94659]]

 [[ 352.5062   214.14977]]

 [[ 295.82294  217.32747]]

 [[ 241.18382  220.36327]]] 
18 
 ---- corners  [[[ 687.96753  554.81201]]

 [[ 617.07678  551.60022]]

 [[ 546.92603  548.28314]]

 [[ 477.04529  544.81738]]

 [[ 408.9548   542.36829]]

 [[ 341.19754  538.65887]]

 [[ 273.93478  535.55176]]

 [[ 210.21243  532.7793 ]]

 [[ 145.76788  530.07074]]

 [[ 689.5022   483.98572]]

 [[ 618.93707  480.88641]]

 [[ 548.54211  478.01764]]

 [[ 479.25299  475.33337]]

 [[ 411.81693  472.68677]]

 [[ 344.42603  470.02505]]

 [[ 278.11813  467.18341]]

 [[ 212.79669  465.05728]]

 [[ 149.05931  462.4881 ]]

 [[ 690.50549  414.81897]]

 [[ 621.44055  411.82736]]

 [[ 551.1178   408.59155]]

 [[ 481.84363  407.1517 ]]

 [[ 414.37106  404.53687]]

 [[ 346.52109  402.54742]]

 [[ 280.31488  400.07404]]

 [[ 215.32635  398.50021]]

 [[ 151.53772  396.42905]]

 [[ 693.29468  344.66278]]

 [[ 623.39221  341.19479]]

 [[ 552.92438  340.31   ]]

 [[ 483.65448  338.10266]]

 [[ 416.39828  336.11557]]

 [[ 348.73349  333.7804 ]]

 [[ 282.57285  332.49911]]

 [[ 217.80225  331.40283]]

 [[ 155.65054  330.34296]]

 [[ 693.75348  275.70282]]

 [[ 623.95135  273.18665]]

 [[ 554.36926  272.43036]]

 [[ 486.13315  270.37042]]

 [[ 419.05679  268.44598]]

 [[ 352.06985  267.90546]]

 [[ 286.07117  266.65506]]

 [[ 222.65823  266.13391]]

 [[ 159.37169  264.70923]]

 [[ 695.36365  206.50136]]

 [[ 626.11243  205.87561]]

 [[ 557.43945  204.39401]]

 [[ 488.70526  202.47292]]

 [[ 421.517    201.54684]]

 [[ 354.58871  201.04245]]

 [[ 289.53735  200.49637]]

 [[ 225.02098  199.82718]]

 [[ 162.16333  199.39296]]] 
18 
 ---- corners subpix  [[[ 688.04688  554.69482]]

 [[ 617.13733  551.50079]]

 [[ 546.75909  548.36066]]

 [[ 477.27393  545.00757]]

 [[ 409.50961  541.94495]]

 [[ 341.40137  538.65381]]

 [[ 273.69348  535.56317]]

 [[ 210.13574  532.67499]]

 [[ 145.89011  530.03375]]

 [[ 689.60583  483.66922]]

 [[ 618.94153  480.9006 ]]

 [[ 548.83496  478.1174 ]]

 [[ 479.45325  475.36276]]

 [[ 411.88605  472.57181]]

 [[ 344.55927  469.94055]]

 [[ 278.20914  467.29596]]

 [[ 213.11642  464.79572]]

 [[ 149.1689   462.46442]]

 [[ 691.11041  413.94931]]

 [[ 621.01733  411.5416 ]]

 [[ 550.94196  409.22974]]

 [[ 481.79175  406.85614]]

 [[ 414.13876  404.57794]]

 [[ 346.42413  402.46942]]

 [[ 280.13205  400.3161 ]]

 [[ 214.90401  398.32208]]

 [[ 151.58974  396.45386]]

 [[ 692.81659  344.04196]]

 [[ 622.8103   341.78281]]

 [[ 552.85736  339.86551]]

 [[ 483.73569  338.05887]]

 [[ 416.11966  335.92358]]

 [[ 348.49902  333.99274]]

 [[ 282.43057  332.58456]]

 [[ 218.02911  331.25568]]

 [[ 154.94696  329.9234 ]]

 [[ 694.19922  275.45349]]

 [[ 624.55017  273.56833]]

 [[ 555.00836  271.72437]]

 [[ 486.07266  270.18896]]

 [[ 418.6456   268.5715 ]]

 [[ 351.79211  267.57922]]

 [[ 286.42062  266.64523]]

 [[ 222.44833  265.92035]]

 [[ 159.4003   265.12177]]

 [[ 695.53979  206.89824]]

 [[ 626.27332  205.298  ]]

 [[ 557.19476  203.99146]]

 [[ 488.50018  202.66367]]

 [[ 421.47589  201.54236]]

 [[ 354.66956  200.75325]]

 [[ 289.44843  200.40398]]

 [[ 225.20583  199.79095]]

 [[ 162.0099   199.44495]]] 
19 
 ---- corners  [[[ 673.59125  551.22168]]

 [[ 606.5332   545.47205]]

 [[ 539.5802   539.89331]]

 [[ 472.17044  534.95184]]

 [[ 404.83585  528.68896]]

 [[ 336.75815  523.85687]]

 [[ 267.9664   518.13086]]

 [[ 200.29446  512.42944]]

 [[ 132.19418  507.53784]]

 [[ 678.67224  483.12958]]

 [[ 612.93451  477.62631]]

 [[ 545.24249  472.3259 ]]

 [[ 477.52161  466.5202 ]]

 [[ 410.44754  460.98773]]

 [[ 342.48312  454.86041]]

 [[ 274.07748  449.12891]]

 [[ 206.53261  444.27057]]

 [[ 138.85564  438.60251]]

 [[ 683.05414  417.0087 ]]

 [[ 618.43829  411.58429]]

 [[ 551.02417  405.21619]]

 [[ 482.93933  399.33197]]

 [[ 416.58264  393.70837]]

 [[ 347.82883  388.0116 ]]

 [[ 280.22339  382.1821 ]]

 [[ 211.63936  376.67606]]

 [[ 144.62445  371.09824]]

 [[ 688.91693  349.78421]]

 [[ 623.13269  343.75534]]

 [[ 556.69977  338.29208]]

 [[ 488.83792  331.83115]]

 [[ 421.99838  326.05984]]

 [[ 353.70383  320.12115]]

 [[ 286.05371  314.56888]]

 [[ 218.0025   308.77682]]

 [[ 150.81454  302.86655]]

 [[ 693.57855  284.0022 ]]

 [[ 628.42682  277.65866]]

 [[ 561.98383  271.4902 ]]

 [[ 495.17673  265.64813]]

 [[ 427.6196   259.18912]]

 [[ 360.57098  253.45874]]

 [[ 292.46411  247.97963]]

 [[ 225.12206  241.55807]]

 [[ 158.09358  236.91409]]

 [[ 698.18646  218.08041]]

 [[ 633.23126  211.0981 ]]

 [[ 566.94067  205.33257]]

 [[ 499.99384  198.50572]]

 [[ 433.69067  191.96497]]

 [[ 365.97864  186.72687]]

 [[ 298.87402  181.20766]]

 [[ 231.23151  175.08839]]

 [[ 164.10745  169.72865]]] 
19 
 ---- corners subpix  [[[ 673.55426  551.15228]]

 [[ 606.69586  545.52655]]

 [[ 539.44568  540.23193]]

 [[ 471.66583  534.68115]]

 [[ 404.51633  529.0824 ]]

 [[ 336.29211  523.50195]]

 [[ 267.65924  518.17877]]

 [[ 200.43225  512.54364]]

 [[ 132.32939  507.08975]]

 [[ 678.72388  483.24371]]

 [[ 612.46765  477.76431]]

 [[ 545.22546  472.32071]]

 [[ 477.54489  466.57297]]

 [[ 410.31308  460.81241]]

 [[ 342.49161  455.25159]]

 [[ 274.52402  449.50735]]

 [[ 206.54695  444.03815]]

 [[ 138.62599  438.54758]]

 [[ 683.6098   416.64011]]

 [[ 617.81561  410.87979]]

 [[ 550.67017  405.31955]]

 [[ 483.25726  399.4707 ]]

 [[ 416.29117  393.78125]]

 [[ 348.12427  388.18481]]

 [[ 280.05597  382.29559]]

 [[ 211.85313  376.66287]]

 [[ 144.40437  371.12326]]

 [[ 688.76691  349.63025]]

 [[ 623.27454  343.61237]]

 [[ 556.4267   337.78641]]

 [[ 489.12988  331.79129]]

 [[ 422.17606  325.99356]]

 [[ 354.07458  320.00598]]

 [[ 285.96512  314.30258]]

 [[ 218.44443  308.63901]]

 [[ 150.8748   303.19766]]

 [[ 693.62787  283.67697]]

 [[ 628.17633  277.50482]]

 [[ 561.76917  271.40799]]

 [[ 494.70853  265.24677]]

 [[ 427.87061  259.07443]]

 [[ 360.07321  253.32703]]

 [[ 292.5546   247.76826]]

 [[ 225.21339  242.27425]]

 [[ 157.92836  236.77786]]

 [[ 698.29651  217.6577 ]]

 [[ 633.2204   211.20889]]

 [[ 566.86023  204.84654]]

 [[ 500.1236   198.6057 ]]

 [[ 433.60782  192.33336]]

 [[ 366.14066  186.4818 ]]

 [[ 298.60995  180.80428]]

 [[ 231.31812  175.13704]]

 [[ 163.80177  169.45883]]] 
mat, distcoeff 
 [[ 1269.48097     0.        479.5    ]
 [    0.       1269.48097   359.5    ]
 [    0.          0.          1.     ]] 
 .. 
 [[-0.08867  0.17995  0.00779  0.00659 -1.27462]]
 time elapsed = 0m2s