28.136, -4.519, 10.646, 106.25, -9.377, 145.319, 116
29.736, -2.86, 1.069, 99.441, -27.925, 175.934, 251
25.659, -5.409, 1.74, 98.545, 12.364, 160.735, 187
29.896, -2.852, 1.14, 99.504, -27.796, 177.206, 274
29.759, -4.353, 1.38, 98.259, -1.021, 171.354, 248
29.871, -2.489, 2.011, 99.397, -23.122, 175.709, 212
30.007, -4.377, 1.577, 98.121, -2.763, 166.26, 209

good pos:
xyzabc 299 -51 253 -180 0 100

(array([ 28.136,  -4.519,  10.646]), array([ 106.25 ,   -9.377,  145.319]), 116)
(array([ 29.736,  -2.86 ,  -1.069]), array([  99.441,  -27.925,  175.934]), 251)
(array([ 25.659,  -5.409,  -1.74 ]), array([  98.545,   12.364, -160.735]), 187)
(array([ 29.896,  -2.852,  -1.14 ]), array([  99.504,  -27.796,  177.206]), 274)
(array([ 29.759,  -4.353,   1.38 ]), array([  98.259,   -1.021, -171.354]), 248)
(array([ 29.871,  -2.489,  -2.011]), array([  99.397,  -23.122,  175.709]), 212)
(array([ 30.007,  -4.377,   1.577]), array([  98.121,   -2.763, -166.26 ]), 209)

good pos:
xyzabc 299 -51 253 -180 0 100