(array([ 26.574,  -2.466,  -2.796]), array([ 172.95,  -27.46, -162.4 ]), 189)
(array([ 30.336,   0.098,   0.266]), array([-179.673,    0.226,  158.38 ]), 157)
(array([ 29.991,  -1.417,   0.823]), array([-179.524,    2.95 ,  174.088]), 76)
(array([ 26.48 ,  -2.457,  -2.933]), array([ 173.111,  -27.105, -161.189]), 183)
(array([ 30.953,  -0.756,   6.51 ]), array([-178.271,   41.878, -164.869]), 130)
(array([ 31.175,  -1.095,   6.814]), array([-179.399,   31.888, -176.378]), 152)
(array([ 30.469,  -1.467,   2.651]), array([-179.627,  -10.134,  179.929]), 101)

good pos:
xyzabc: 308 -14 249 180 0 180

26.574, -2.466, 2.796, 172.95, -27.46, 162.4, 189
30.336, 0.098, 0.266, -179.673, 0.226, 158.38, 157
29.991, -1.417, 0.823, -179.524, 2.95, 174.088, 76
26.48, -2.457, 2.933, 173.111, -27.105, 161.189, 183
30.953, -0.756, 6.51, -178.271, 41.878, 164.869, 130
31.175, -1.095, 6.814, -179.399, 31.888, 176.378, 152
30.469, -1.467, 2.651, -179.627, -10.134, 179.929, 101

good pos:
xyzabc: 308 -14 249 180 0 180