../out/2017_2_24__13_9_23/*.jpg
0 
 ---- corners  [[[ 762.71613  545.09088]]

 [[ 694.2829   541.67194]]

 [[ 623.3067   537.65765]]

 [[ 548.42438  532.14435]]

 [[ 470.87793  528.10651]]

 [[ 390.71344  522.04425]]

 [[ 306.77045  513.84607]]

 [[ 218.37923  512.36279]]

 [[ 125.5      508.5    ]]

 [[ 751.29639  472.84393]]

 [[ 684.49139  466.40939]]

 [[ 615.36786  460.64597]]

 [[ 542.06073  453.66537]]

 [[ 466.34335  448.82275]]

 [[ 387.69528  442.96179]]

 [[ 304.94611  436.5386 ]]

 [[ 219.79811  430.09418]]

 [[ 131.52519  424.52719]]

 [[ 739.91748  404.01184]]

 [[ 675.33972  396.82748]]

 [[ 606.95941  389.99146]]

 [[ 535.25323  383.18988]]

 [[ 462.36212  375.60999]]

 [[ 385.21243  367.37872]]

 [[ 305.68442  359.51004]]

 [[ 222.55263  351.44336]]

 [[ 135.63339  345.12772]]

 [[ 729.50378  337.85535]]

 [[ 664.84613  328.91843]]

 [[ 599.005    321.90726]]

 [[ 530.08881  313.82062]]

 [[ 459.79053  304.22592]]

 [[ 384.93582  294.28693]]

 [[ 305.84528  286.30032]]

 [[ 224.31709  278.55801]]

 [[ 139.6647   272.38641]]

 [[ 718.61249  275.75409]]

 [[ 657.42932  266.32651]]

 [[ 592.45795  257.52661]]

 [[ 524.88654  247.70673]]

 [[ 454.9455   238.0569 ]]

 [[ 381.01562  229.48624]]

 [[ 304.07483  220.87254]]

 [[ 225.04675  214.01587]]

 [[ 143.7132   205.4137 ]]

 [[ 708.44702  217.61104]]

 [[ 647.35315  206.27997]]

 [[ 584.52313  197.09506]]

 [[ 517.84064  186.47467]]

 [[ 449.78726  177.86066]]

 [[ 378.19763  167.23933]]

 [[ 303.64737  158.26814]]

 [[ 227.59123  149.00075]]

 [[ 148.26109  138.68057]]] 
0 
 ---- corners subpix  [[[ 763.24554  545.54938]]

 [[ 694.37592  541.54797]]

 [[ 622.75287  537.25177]]

 [[ 548.17859  532.25354]]

 [[ 470.86136  527.62427]]

 [[ 390.57297  521.73553]]

 [[ 307.6702   513.94116]]

 [[ 218.10229  512.25482]]

 [[ 125.90842  507.96689]]

 [[ 751.39203  472.52158]]

 [[ 684.93597  466.60455]]

 [[ 614.99268  460.66733]]

 [[ 541.6745   454.77881]]

 [[ 466.48666  448.89114]]

 [[ 387.51276  442.75574]]

 [[ 305.38132  436.34253]]

 [[ 219.8421   430.10922]]

 [[ 130.62694  424.32483]]

 [[ 740.07916  404.21371]]

 [[ 675.1106   397.047  ]]

 [[ 606.79578  389.9288 ]]

 [[ 535.27112  383.13016]]

 [[ 462.3703   375.51492]]

 [[ 385.5914   367.50583]]

 [[ 305.59808  359.48047]]

 [[ 222.43825  351.59784]]

 [[ 135.46579  345.20181]]

 [[ 729.38348  338.10114]]

 [[ 665.80066  329.99228]]

 [[ 599.1391   321.86642]]

 [[ 529.60352  313.48282]]

 [[ 459.06458  303.95438]]

 [[ 384.00507  294.59589]]

 [[ 305.79703  286.03156]]

 [[ 224.19231  278.66177]]

 [[ 139.60361  271.74399]]

 [[ 719.17969  276.29672]]

 [[ 657.23279  266.84335]]

 [[ 592.49548  257.26846]]

 [[ 524.77496  247.45712]]

 [[ 455.14703  237.89223]]

 [[ 381.13815  229.21054]]

 [[ 304.48779  221.16931]]

 [[ 225.33409  213.41096]]

 [[ 143.47757  205.38873]]

 [[ 708.82233  217.14594]]

 [[ 648.27875  206.78369]]

 [[ 584.29321  197.27007]]

 [[ 518.05389  186.8615 ]]

 [[ 449.81195  176.95351]]

 [[ 378.26346  167.17082]]

 [[ 303.68161  158.29744]]

 [[ 226.85876  148.79909]]

 [[ 147.59242  138.68181]]] 
1 
 ---- corners  [[[ 600.88123  504.68155]]

 [[ 561.54169  497.44431]]

 [[ 520.26263  489.71075]]

 [[ 475.93536  481.2327 ]]

 [[ 429.07761  472.38708]]

 [[ 380.34164  462.74847]]

 [[ 330.17322  451.69693]]

 [[ 270.43546  442.97797]]

 [[ 209.40813  432.63419]]

 [[ 600.49292  449.96893]]

 [[ 562.47968  440.87698]]

 [[ 521.38879  431.61441]]

 [[ 477.00653  421.57996]]

 [[ 430.96655  411.64807]]

 [[ 381.53781  400.34525]]

 [[ 329.3912   388.88312]]

 [[ 273.34778  377.164  ]]

 [[ 213.48119  364.5835 ]]

 [[ 599.76233  397.03479]]

 [[ 562.05292  386.52936]]

 [[ 521.29071  375.81903]]

 [[ 477.63101  364.65561]]

 [[ 432.94604  353.18378]]

 [[ 384.67886  340.42465]]

 [[ 333.32944  326.93549]]

 [[ 278.1467   313.24274]]

 [[ 217.85674  297.91632]]

 [[ 599.07697  344.51862]]

 [[ 562.17804  333.44083]]

 [[ 521.66351  321.24335]]

 [[ 479.23737  308.49954]]

 [[ 435.89432  294.49911]]

 [[ 388.24432  280.49557]]

 [[ 336.70651  265.70654]]

 [[ 280.47406  249.83441]]

 [[ 221.58223  235.49702]]

 [[ 597.96783  293.92886]]

 [[ 561.71503  281.22052]]

 [[ 522.97357  268.16678]]

 [[ 481.02582  253.73293]]

 [[ 437.4332   239.54662]]

 [[ 388.66891  224.19768]]

 [[ 336.79352  208.65138]]

 [[ 281.79645  192.44431]]

 [[ 223.76147  175.71683]]

 [[ 597.05005  244.70302]]

 [[ 561.51245  231.86964]]

 [[ 521.32935  216.37138]]

 [[ 479.38867  200.44254]]

 [[ 436.14664  185.59056]]

 [[ 389.46851  169.73927]]

 [[ 337.83087  152.41229]]

 [[ 284.35864  134.129  ]]

 [[ 227.59239  115.81709]]] 
1 
 ---- corners subpix  [[[ 601.17261  504.73825]]

 [[ 561.44739  497.43579]]

 [[ 519.80463  489.62598]]

 [[ 475.69611  481.14874]]

 [[ 429.07166  472.46344]]

 [[ 380.24857  462.72198]]

 [[ 330.34229  451.68759]]

 [[ 270.53601  442.90662]]

 [[ 209.34717  432.43872]]

 [[ 600.59692  449.85471]]

 [[ 562.38171  440.89197]]

 [[ 521.25964  431.57578]]

 [[ 477.18582  421.67068]]

 [[ 430.9649   411.50403]]

 [[ 381.55283  400.52698]]

 [[ 329.29114  389.04541]]

 [[ 273.36813  377.11942]]

 [[ 213.34251  364.43179]]

 [[ 599.71582  396.96182]]

 [[ 562.0675   386.70886]]

 [[ 521.39746  376.04129]]

 [[ 477.59708  364.84158]]

 [[ 432.82272  352.98322]]

 [[ 384.61444  340.28024]]

 [[ 333.36935  326.75562]]

 [[ 278.49161  312.84039]]

 [[ 218.58374  298.77328]]

 [[ 599.26001  344.68909]]

 [[ 561.7804   333.24957]]

 [[ 521.56836  321.1817 ]]

 [[ 479.16541  308.36993]]

 [[ 435.66376  294.66064]]

 [[ 388.17172  280.42487]]

 [[ 336.78934  265.60736]]

 [[ 281.26175  250.79224]]

 [[ 221.91502  235.45363]]

 [[ 598.3761   294.38242]]

 [[ 561.62689  281.42514]]

 [[ 522.74481  268.02209]]

 [[ 481.00751  253.78732]]

 [[ 436.94989  239.13568]]

 [[ 388.65323  223.99071]]

 [[ 336.88412  208.65765]]

 [[ 281.94406  192.59468]]

 [[ 223.76549  175.5985 ]]

 [[ 597.09076  244.82184]]

 [[ 560.85693  230.83179]]

 [[ 521.367    216.44662]]

 [[ 479.76578  201.14803]]

 [[ 436.1611   185.49237]]

 [[ 388.73752  168.89954]]

 [[ 337.86234  152.29039]]

 [[ 284.45117  134.41136]]

 [[ 228.06175  115.4438 ]]] 
2 
 ---- corners  [[[ 733.42572  434.47464]]

 [[ 678.68628  425.74368]]

 [[ 624.45715  417.6127 ]]

 [[ 567.12482  407.63489]]

 [[ 509.38184  399.11346]]

 [[ 450.0257   388.67053]]

 [[ 390.17172  375.38937]]

 [[ 326.50726  370.37872]]

 [[ 262.31134  362.01733]]

 [[ 719.31158  391.98825]]

 [[ 666.5506   381.60541]]

 [[ 613.88684  373.65567]]

 [[ 559.23676  365.11972]]

 [[ 502.48053  355.83783]]

 [[ 444.89478  346.53729]]

 [[ 385.78964  337.43481]]

 [[ 325.06885  328.02158]]

 [[ 263.01682  319.16098]]

 [[ 707.07434  353.4805 ]]

 [[ 656.14246  343.75546]]

 [[ 603.22253  333.48224]]

 [[ 550.56293  325.55457]]

 [[ 496.50406  315.69778]]

 [[ 440.76422  306.02759]]

 [[ 383.47021  295.81488]]

 [[ 325.06277  286.17917]]

 [[ 264.22253  278.3183 ]]

 [[ 694.56128  316.465  ]]

 [[ 646.54987  307.43335]]

 [[ 595.17163  297.26843]]

 [[ 544.22412  288.40881]]

 [[ 491.3942   276.74817]]

 [[ 436.80856  266.40714]]

 [[ 381.06903  257.13751]]

 [[ 323.85519  249.67781]]

 [[ 265.11002  242.27415]]

 [[ 684.67358  282.87689]]

 [[ 635.58459  271.7197 ]]

 [[ 587.49384  262.5126 ]]

 [[ 536.72522  251.6429 ]]

 [[ 486.2131   242.36726]]

 [[ 432.3006   233.45891]]

 [[ 378.37656  226.30133]]

 [[ 322.18906  218.38739]]

 [[ 265.86917  210.69211]]

 [[ 672.35107  249.59454]]

 [[ 625.09619  238.50697]]

 [[ 578.16852  230.47701]]

 [[ 528.54156  219.62679]]

 [[ 479.50702  211.41254]]

 [[ 427.21045  201.33411]]

 [[ 375.17279  194.31134]]

 [[ 322.26819  187.11272]]

 [[ 266.9256   177.32666]]] 
2 
 ---- corners subpix  [[[ 732.79559  433.77246]]

 [[ 678.89185  425.62759]]

 [[ 623.65253  416.94147]]

 [[ 566.99127  407.61191]]

 [[ 509.28918  399.00974]]

 [[ 450.10251  388.46304]]

 [[ 390.37714  375.34372]]

 [[ 326.42676  370.36484]]

 [[ 261.95102  361.86429]]

 [[ 719.2746   391.82797]]

 [[ 667.57263  382.57932]]

 [[ 613.91443  373.47009]]

 [[ 558.70459  364.65924]]

 [[ 502.68137  355.73322]]

 [[ 444.95709  346.5954 ]]

 [[ 385.73099  337.24396]]

 [[ 325.22659  328.27768]]

 [[ 263.14325  319.34546]]

 [[ 706.65289  353.28574]]

 [[ 656.31036  343.71402]]

 [[ 604.24658  334.44403]]

 [[ 550.49249  325.56265]]

 [[ 496.5968   315.85223]]

 [[ 440.72989  305.98871]]

 [[ 383.50577  295.8241 ]]

 [[ 324.85883  286.40134]]

 [[ 264.37881  278.42349]]

 [[ 694.61237  316.16638]]

 [[ 645.672    306.5238 ]]

 [[ 595.25867  297.23547]]

 [[ 543.31567  287.63196]]

 [[ 491.38089  276.77872]]

 [[ 437.03906  266.63229]]

 [[ 381.28812  257.40344]]

 [[ 323.74542  249.6066 ]]

 [[ 265.30066  242.30208]]

 [[ 683.36578  281.81079]]

 [[ 635.96124  271.74979]]

 [[ 587.00146  261.71802]]

 [[ 536.72894  251.69759]]

 [[ 485.70627  242.04372]]

 [[ 432.48041  233.47552]]

 [[ 377.98047  225.68085]]

 [[ 322.39346  218.2652 ]]

 [[ 265.68579  210.65698]]

 [[ 672.46588  249.66895]]

 [[ 626.27051  239.56482]]

 [[ 578.17792  230.31837]]

 [[ 529.21936  220.6044 ]]

 [[ 479.43597  211.35246]]

 [[ 427.95328  202.37758]]

 [[ 375.20746  194.48326]]

 [[ 321.4303   186.20204]]

 [[ 266.84637  177.26573]]] 
3 
 ---- corners  None 
4 
 ---- corners  [[[ 651.83698  653.63013]]

 [[ 617.28857  638.70782]]

 [[ 581.76135  623.59729]]

 [[ 546.27643  608.46094]]

 [[ 509.55942  592.60748]]

 [[ 472.94821  576.53711]]

 [[ 436.9422   560.35449]]

 [[ 395.8382   544.4931 ]]

 [[ 355.41333  527.58191]]

 [[ 659.05609  614.35797]]

 [[ 625.74377  599.29572]]

 [[ 591.38318  583.69568]]

 [[ 555.5816   568.51953]]

 [[ 518.90729  553.50098]]

 [[ 483.38528  537.37799]]

 [[ 445.47482  520.54315]]

 [[ 407.36417  504.50803]]

 [[ 368.04108  487.7272 ]]

 [[ 666.2005   576.38934]]

 [[ 633.00391  561.49725]]

 [[ 599.43311  546.27454]]

 [[ 564.39288  530.30035]]

 [[ 529.16779  514.53607]]

 [[ 493.36923  498.44843]]

 [[ 457.06931  482.29471]]

 [[ 418.91852  465.40897]]

 [[ 380.38492  449.22925]]

 [[ 672.96802  539.46063]]

 [[ 641.42487  524.70062]]

 [[ 607.02368  508.71307]]

 [[ 573.0166   492.58917]]

 [[ 539.48126  476.52109]]

 [[ 503.33154  459.45541]]

 [[ 467.08078  443.90182]]

 [[ 430.24176  428.15524]]

 [[ 390.77554  411.80127]]

 [[ 679.59338  503.52988]]

 [[ 648.09033  488.03455]]

 [[ 615.28693  472.29376]]

 [[ 581.9588   456.43503]]

 [[ 548.0567   440.5202 ]]

 [[ 512.43243  424.42786]]

 [[ 476.00531  408.49689]]

 [[ 438.68454  392.55087]]

 [[ 400.2269   375.29398]]

 [[ 685.40155  468.82239]]

 [[ 654.10291  452.32101]]

 [[ 622.26935  437.4884 ]]

 [[ 588.95294  421.53061]]

 [[ 555.71527  405.45972]]

 [[ 521.58386  390.56906]]

 [[ 485.11868  373.56985]]

 [[ 449.28082  357.68027]]

 [[ 412.34433  340.44116]]] 
4 
 ---- corners subpix  [[[ 651.66357  653.50928]]

 [[ 617.22723  638.81085]]

 [[ 581.92877  623.76532]]

 [[ 546.20935  608.41241]]

 [[ 509.71542  592.93744]]

 [[ 472.85175  576.70972]]

 [[ 436.45142  559.63391]]

 [[ 395.85541  544.47729]]

 [[ 355.88718  528.36163]]

 [[ 659.14154  614.14044]]

 [[ 625.67371  599.18726]]

 [[ 591.16968  583.92871]]

 [[ 555.53064  568.4588 ]]

 [[ 519.69635  552.96857]]

 [[ 482.9014   536.83167]]

 [[ 445.46115  520.68561]]

 [[ 407.229    504.39783]]

 [[ 367.97458  487.90289]]

 [[ 666.22192  576.44861]]

 [[ 633.19769  561.27936]]

 [[ 599.2428   545.87244]]

 [[ 564.22046  530.37573]]

 [[ 529.3584   514.56708]]

 [[ 493.4411   498.37842]]

 [[ 456.63818  481.89334]]

 [[ 419.03265  465.36725]]

 [[ 380.1459   448.96729]]

 [[ 673.03723  539.20612]]

 [[ 640.69214  523.93756]]

 [[ 607.30389  508.53796]]

 [[ 573.08801  492.59439]]

 [[ 539.37604  476.59888]]

 [[ 503.89227  460.26303]]

 [[ 467.43015  443.79004]]

 [[ 429.62482  427.634  ]]

 [[ 391.19635  411.56915]]

 [[ 679.6347   503.51862]]

 [[ 648.10272  488.16055]]

 [[ 615.44971  472.38223]]

 [[ 581.95142  456.44705]]

 [[ 548.1225   440.47372]]

 [[ 512.48639  424.35486]]

 [[ 476.03381  408.49997]]

 [[ 438.88763  392.44171]]

 [[ 401.22107  376.12006]]

 [[ 685.79047  468.67142]]

 [[ 654.70459  453.26279]]

 [[ 622.08142  437.56525]]

 [[ 589.0069   421.60968]]

 [[ 555.48071  405.74219]]

 [[ 520.74768  389.57053]]

 [[ 485.02789  373.57925]]

 [[ 448.72873  357.26056]]

 [[ 412.2067   340.51846]]] 
5 
 ---- corners  [[[ 487.47165  560.54065]]

 [[ 457.31424  544.86792]]

 [[ 427.57373  529.68945]]

 [[ 396.07352  512.18945]]

 [[ 363.4884   494.76257]]

 [[ 330.58557  477.90768]]

 [[ 298.87601  459.866  ]]

 [[ 260.35886  441.43399]]

 [[ 222.6736   422.35977]]

 [[ 496.97781  522.90497]]

 [[ 468.95895  507.70303]]

 [[ 438.60788  490.81714]]

 [[ 408.02853  474.40024]]

 [[ 375.93134  456.94662]]

 [[ 343.28348  439.1781 ]]

 [[ 309.08337  420.54102]]

 [[ 273.94754  401.94568]]

 [[ 237.16634  382.29034]]

 [[ 506.52774  487.58682]]

 [[ 478.54553  470.76062]]

 [[ 449.41812  454.39261]]

 [[ 418.53854  436.96848]]

 [[ 387.99265  420.01703]]

 [[ 355.48782  401.72113]]

 [[ 322.73294  383.4545 ]]

 [[ 288.23755  363.39218]]

 [[ 251.84515  344.25742]]

 [[ 515.66595  451.90268]]

 [[ 488.10666  435.39795]]

 [[ 459.61398  418.37881]]

 [[ 430.15173  402.19778]]

 [[ 400.43817  382.75748]]

 [[ 368.38654  363.44211]]

 [[ 335.67926  345.41672]]

 [[ 301.2569   326.4382 ]]

 [[ 264.67001  306.3187 ]]

 [[ 524.45502  418.12555]]

 [[ 497.68509  401.03851]]

 [[ 470.32812  383.97983]]

 [[ 441.04541  366.18262]]

 [[ 411.34802  347.53592]]

 [[ 379.35123  329.15411]]

 [[ 346.81961  311.1312 ]]

 [[ 311.8642   290.63651]]

 [[ 276.92902  271.797  ]]

 [[ 533.03314  384.6221 ]]

 [[ 507.2244   368.80466]]

 [[ 478.70599  350.12891]]

 [[ 450.44427  332.43677]]

 [[ 420.65283  313.76477]]

 [[ 389.78091  294.4707 ]]

 [[ 357.215    275.55661]]

 [[ 324.19113  256.49997]]

 [[ 289.5715   235.6149 ]]] 
5 
 ---- corners subpix  [[[ 487.11703  559.87451]]

 [[ 457.56259  544.52625]]

 [[ 427.33395  528.65826]]

 [[ 395.99326  512.14178]]

 [[ 363.61737  495.37961]]

 [[ 330.83823  477.68851]]

 [[ 298.24942  458.95459]]

 [[ 260.25211  441.36539]]

 [[ 222.57712  422.46002]]

 [[ 496.88712  522.73096]]

 [[ 468.55984  507.0752 ]]

 [[ 438.81458  490.75339]]

 [[ 407.80508  473.9545 ]]

 [[ 376.12128  456.87607]]

 [[ 343.17834  438.97598]]

 [[ 308.93411  420.49771]]

 [[ 273.63071  401.7699 ]]

 [[ 236.98279  382.41306]]

 [[ 506.29883  487.26498]]

 [[ 478.40753  471.05133]]

 [[ 449.22662  454.32492]]

 [[ 418.51331  437.24695]]

 [[ 387.86902  419.61499]]

 [[ 355.77533  401.52795]]

 [[ 322.56641  382.5777 ]]

 [[ 288.17712  363.32697]]

 [[ 251.52924  343.74844]]

 [[ 515.60406  451.91818]]

 [[ 488.31342  435.49588]]

 [[ 459.57693  418.51395]]

 [[ 429.83948  401.10257]]

 [[ 400.37418  382.89062]]

 [[ 368.80511  364.3392 ]]

 [[ 335.82565  345.21295]]

 [[ 300.86429  325.96106]]

 [[ 264.71536  306.34094]]

 [[ 524.49689  418.06238]]

 [[ 497.83182  401.27399]]

 [[ 470.17871  383.86893]]

 [[ 441.19312  365.96802]]

 [[ 411.38269  347.73581]]

 [[ 379.54034  329.13809]]

 [[ 346.30557  310.09338]]

 [[ 311.84103  290.7533 ]]

 [[ 276.56546  270.8522 ]]

 [[ 533.01306  384.7348 ]]

 [[ 506.80438  367.64966]]

 [[ 478.84183  350.02805]]

 [[ 450.29425  332.13354]]

 [[ 420.78348  313.62103]]

 [[ 389.7298   294.62326]]

 [[ 357.20776  275.47876]]

 [[ 323.98044  255.66817]]

 [[ 289.84778  235.28748]]] 
6 
 ---- corners  [[[ 330.80106  566.04041]]

 [[ 304.97989  550.96216]]

 [[ 278.84277  536.17767]]

 [[ 250.19756  518.41882]]

 [[ 221.46889  502.24365]]

 [[ 191.01114  482.93512]]

 [[ 161.57263  464.90649]]

 [[ 124.57584  444.43393]]

 [[  88.22311  423.88727]]

 [[ 340.65268  529.12158]]

 [[ 316.24588  513.56409]]

 [[ 289.5506   496.97632]]

 [[ 261.45612  478.44897]]

 [[ 233.08861  461.97556]]

 [[ 202.42732  442.01129]]

 [[ 171.28365  423.56964]]

 [[ 138.52475  404.23318]]

 [[ 102.62381  382.41141]]

 [[ 349.48877  493.33041]]

 [[ 325.25122  477.28802]]

 [[ 299.78662  460.4054 ]]

 [[ 272.41656  442.47311]]

 [[ 245.16682  424.37622]]

 [[ 215.49881  404.8161 ]]

 [[ 185.50964  385.41104]]

 [[ 152.45085  363.79794]]

 [[ 117.78199  342.11212]]

 [[ 358.75681  458.50146]]

 [[ 334.99377  441.53009]]

 [[ 309.53531  424.23074]]

 [[ 283.66379  407.31351]]

 [[ 257.26813  386.92291]]

 [[ 228.62622  367.03894]]

 [[ 197.97556  346.60837]]

 [[ 165.52216  325.4538 ]]

 [[ 130.58914  303.39084]]

 [[ 366.53424  423.67969]]

 [[ 344.16296  407.28101]]

 [[ 320.67819  390.97861]]

 [[ 294.42188  370.55603]]

 [[ 268.11407  351.37369]]

 [[ 238.93546  330.94403]]

 [[ 208.61494  311.20135]]

 [[ 175.59563  289.19855]]

 [[ 142.07397  266.50439]]

 [[ 375.48126  391.57245]]

 [[ 353.06711  374.81955]]

 [[ 328.57013  355.45779]]

 [[ 303.61594  337.53531]]

 [[ 276.51694  316.69107]]

 [[ 248.23965  294.94608]]

 [[ 218.37712  274.94006]]

 [[ 187.49538  252.71844]]

 [[ 155.40665  229.6479 ]]] 
6 
 ---- corners subpix  [[[ 331.09216  566.2218 ]]

 [[ 305.1348   550.94739]]

 [[ 278.2186   535.22375]]

 [[ 250.20583  518.44934]]

 [[ 220.7426   501.22104]]

 [[ 190.79547  482.84793]]

 [[ 161.04449  463.5387 ]]

 [[ 124.49773  444.50034]]

 [[  88.36961  424.1814 ]]

 [[ 340.61017  529.11578]]

 [[ 315.86621  513.33722]]

 [[ 289.66873  496.8656 ]]

 [[ 261.76776  479.59271]]

 [[ 233.1476   461.94736]]

 [[ 202.75929  443.03702]]

 [[ 171.12486  423.60745]]

 [[ 137.85489  403.47073]]

 [[ 102.69505  382.33765]]

 [[ 349.65738  493.60172]]

 [[ 325.4689   477.29166]]

 [[ 299.62839  460.2052 ]]

 [[ 272.38751  442.53513]]

 [[ 244.77452  424.16443]]

 [[ 215.56989  404.80359]]

 [[ 185.00966  384.7132 ]]

 [[ 152.61551  363.75995]]

 [[ 117.61787  342.19958]]

 [[ 358.62637  458.44983]]

 [[ 334.94382  441.74826]]

 [[ 309.65231  424.14563]]

 [[ 283.45688  405.90091]]

 [[ 257.14801  386.95703]]

 [[ 228.63881  367.10202]]

 [[ 198.17421  346.50003]]

 [[ 165.263    325.27795]]

 [[ 130.63853  303.34531]]

 [[ 367.29172  424.76547]]

 [[ 344.27399  407.45691]]

 [[ 320.12866  389.53714]]

 [[ 294.46222  370.62805]]

 [[ 267.78128  351.1962 ]]

 [[ 238.82834  331.08154]]

 [[ 208.04977  310.37576]]

 [[ 175.69737  288.90817]]

 [[ 142.0683   266.45721]]

 [[ 375.27509  391.57999]]

 [[ 352.75168  373.81882]]

 [[ 328.34534  355.46469]]

 [[ 303.08517  336.28992]]

 [[ 276.68262  316.5918 ]]

 [[ 248.63992  296.10333]]

 [[ 218.52443  274.89648]]

 [[ 187.58739  252.87808]]

 [[ 155.50409  229.68831]]] 
7 
 ---- corners  [[[ 503.37131  664.17816]]

 [[ 470.39359  653.16473]]

 [[ 436.03534  641.58264]]

 [[ 400.29526  628.58472]]

 [[ 363.01328  616.52777]]

 [[ 324.89041  602.78564]]

 [[ 287.01202  587.52325]]

 [[ 243.13669  575.66498]]

 [[ 198.3679   561.43945]]

 [[ 500.64301  623.69995]]

 [[ 467.99026  610.95142]]

 [[ 434.74585  599.5769 ]]

 [[ 400.42035  587.45837]]

 [[ 363.01721  573.90692]]

 [[ 325.0817   560.45868]]

 [[ 286.04111  546.54089]]

 [[ 244.88646  532.60522]]

 [[ 201.31752  518.01337]]

 [[ 498.06662  586.00299]]

 [[ 466.25351  573.19208]]

 [[ 432.35751  559.50659]]

 [[ 398.185    547.38464]]

 [[ 363.01666  533.53491]]

 [[ 326.30029  519.47882]]

 [[ 287.64792  504.33279]]

 [[ 247.76851  490.02603]]

 [[ 204.7226   475.01282]]

 [[ 495.24026  547.65338]]

 [[ 463.87238  535.29333]]

 [[ 431.6116   522.29889]]

 [[ 397.94244  508.46597]]

 [[ 363.99713  493.83542]]

 [[ 327.37494  478.50208]]

 [[ 289.94876  464.54861]]

 [[ 250.46233  451.25864]]

 [[ 207.61671  435.62015]]

 [[ 492.72107  513.24115]]

 [[ 462.18396  499.48376]]

 [[ 431.64932  486.64188]]

 [[ 397.9292   471.35834]]

 [[ 364.50153  457.90784]]

 [[ 327.66321  442.46561]]

 [[ 289.28976  428.48315]]

 [[ 249.87576  414.46713]]

 [[ 208.74844  399.14423]]

 [[ 489.33154  478.10089]]

 [[ 460.46796  465.69077]]

 [[ 428.05292  451.39929]]

 [[ 395.23663  436.32785]]

 [[ 362.04105  422.69034]]

 [[ 327.00037  408.03659]]

 [[ 289.76334  393.52936]]

 [[ 251.29015  378.24893]]

 [[ 212.04819  362.3624 ]]] 
7 
 ---- corners subpix  [[[ 503.43839  664.31274]]

 [[ 470.09216  653.10547]]

 [[ 435.68005  641.31781]]

 [[ 400.15204  628.86578]]

 [[ 362.85455  616.43378]]

 [[ 325.11063  602.78101]]

 [[ 287.10583  587.43231]]

 [[ 242.68839  575.68365]]

 [[ 198.62811  561.73322]]

 [[ 500.56775  623.7077 ]]

 [[ 468.55109  611.69385]]

 [[ 434.78516  599.4129 ]]

 [[ 399.55124  586.76422]]

 [[ 363.25314  574.02295]]

 [[ 325.23187  560.39673]]

 [[ 285.60626  546.40759]]

 [[ 244.51173  532.26141]]

 [[ 201.52242  517.65009]]

 [[ 497.67847  585.51251]]

 [[ 466.23245  572.96277]]

 [[ 433.07019  560.19934]]

 [[ 398.2692   547.22467]]

 [[ 363.30283  533.69647]]

 [[ 326.37405  519.46088]]

 [[ 287.91046  504.69437]]

 [[ 248.0022   489.89676]]

 [[ 205.29468  475.42407]]

 [[ 494.93378  548.06274]]

 [[ 464.06409  535.3631 ]]

 [[ 431.54449  522.15912]]

 [[ 397.87244  508.46204]]

 [[ 364.21194  494.04706]]

 [[ 328.08286  479.40643]]

 [[ 289.90652  464.63599]]

 [[ 249.56096  450.32626]]

 [[ 207.55048  435.78436]]

 [[ 492.25546  512.65417]]

 [[ 462.32019  499.45749]]

 [[ 430.86115  485.6459 ]]

 [[ 397.76309  471.47992]]

 [[ 363.88501  457.21631]]

 [[ 327.53876  442.93683]]

 [[ 289.46149  428.66757]]

 [[ 249.69701  414.30341]]

 [[ 208.85785  399.30963]]

 [[ 489.35574  478.54245]]

 [[ 459.85602  464.83157]]

 [[ 428.2767   451.22607]]

 [[ 395.70999  436.98511]]

 [[ 362.13052  422.5665 ]]

 [[ 326.73956  407.87045]]

 [[ 289.63141  393.45868]]

 [[ 251.32188  378.23071]]

 [[ 211.96056  362.34024]]] 
8 
 ---- corners  [[[ 578.3468   425.65921]]

 [[ 540.5285   419.05173]]

 [[ 501.39804  411.61539]]

 [[ 458.71075  401.73914]]

 [[ 416.74854  394.27457]]

 [[ 371.83908  382.83685]]

 [[ 328.21106  372.58316]]

 [[ 277.60773  364.66159]]

 [[ 226.71605  354.26001]]

 [[ 571.51288  387.47589]]

 [[ 534.65234  379.83838]]

 [[ 494.23734  369.99893]]

 [[ 452.61414  360.10181]]

 [[ 411.32507  351.84512]]

 [[ 366.53137  341.29822]]

 [[ 321.62494  332.47873]]

 [[ 274.96973  323.18701]]

 [[ 226.25018  312.35239]]

 [[ 563.41449  350.34341]]

 [[ 526.5351   341.64944]]

 [[ 486.57358  331.22214]]

 [[ 447.6777   322.78671]]

 [[ 407.2894   314.24057]]

 [[ 363.68631  302.66937]]

 [[ 318.51312  290.69339]]

 [[ 272.97034  281.58853]]

 [[ 224.62555  271.86331]]

 [[ 556.36591  314.83566]]

 [[ 520.66431  306.46725]]

 [[ 481.76697  295.51938]]

 [[ 443.58551  286.51837]]

 [[ 402.57538  274.27823]]

 [[ 359.6088   262.13083]]

 [[ 316.46149  253.0365 ]]

 [[ 269.82706  242.37886]]

 [[ 222.64137  234.46889]]

 [[ 548.28577  279.46512]]

 [[ 513.52472  270.49069]]

 [[ 477.36691  261.52795]]

 [[ 437.74411  249.35228]]

 [[ 399.29651  239.6489 ]]

 [[ 356.28836  228.11044]]

 [[ 311.47433  217.15013]]

 [[ 267.23044  209.09186]]

 [[ 219.87094  197.46477]]

 [[ 542.06024  247.57858]]

 [[ 506.84396  236.9818 ]]

 [[ 469.96588  226.93211]]

 [[ 432.64886  217.755  ]]

 [[ 392.56329  205.83566]]

 [[ 352.42999  196.57655]]

 [[ 309.18018  184.57706]]

 [[ 265.50604  175.74892]]

 [[ 219.87393  162.61324]]] 
8 
 ---- corners subpix  [[[ 579.27734  426.59573]]

 [[ 540.51282  418.87888]]

 [[ 500.35294  410.54764]]

 [[ 458.76288  401.67084]]

 [[ 415.85468  393.10437]]

 [[ 371.78873  383.1597 ]]

 [[ 327.28314  371.1723 ]]

 [[ 277.6041   364.57309]]

 [[ 227.44919  355.42581]]

 [[ 571.41357  387.74008]]

 [[ 533.77588  378.7709 ]]

 [[ 494.38361  369.96002]]

 [[ 453.22327  360.9415 ]]

 [[ 411.2486   351.91681]]

 [[ 367.21436  342.39297]]

 [[ 321.67575  332.55234]]

 [[ 274.69711  322.88696]]

 [[ 225.69868  313.0567 ]]

 [[ 563.83826  350.98514]]

 [[ 526.66107  341.61255]]

 [[ 487.87259  332.22885]]

 [[ 447.4169   322.89206]]

 [[ 406.50687  312.88986]]

 [[ 363.66565  302.58405]]

 [[ 319.32156  291.95346]]

 [[ 273.25827  281.49622]]

 [[ 224.65385  271.80954]]

 [[ 556.43262  314.80295]]

 [[ 519.91699  305.20099]]

 [[ 481.85321  295.39444]]

 [[ 442.48456  285.3678 ]]

 [[ 402.69644  274.35843]]

 [[ 360.5842   263.48517]]

 [[ 316.59253  252.90034]]

 [[ 270.5928   243.37309]]

 [[ 222.82416  233.80226]]

 [[ 549.36096  280.745  ]]

 [[ 513.68506  270.45084]]

 [[ 476.5105   259.94666]]

 [[ 437.93597  249.2411 ]]

 [[ 398.2515   238.58067]]

 [[ 356.09714  228.44492]]

 [[ 312.38718  218.66116]]

 [[ 267.23553  209.04747]]

 [[ 220.59177  198.96172]]

 [[ 542.21875  247.73851]]

 [[ 507.18622  237.1922 ]]

 [[ 469.9884   226.93468]]

 [[ 431.92108  216.18486]]

 [[ 392.66727  205.56334]]

 [[ 351.58038  194.86635]]

 [[ 308.76239  184.82405]]

 [[ 264.78821  174.18143]]

 [[ 219.62901  162.78444]]] 
9 
 ---- corners  [[[ 845.98004  502.64795]]

 [[ 796.53131  498.28336]]

 [[ 746.47345  492.94907]]

 [[ 695.4104   487.36603]]

 [[ 644.57056  482.50644]]

 [[ 591.91858  475.44974]]

 [[ 539.80768  467.26501]]

 [[ 485.19534  465.75558]]

 [[ 430.0596   461.15338]]

 [[ 833.63171  463.40613]]

 [[ 786.18909  457.37006]]

 [[ 737.02118  451.55475]]

 [[ 687.02228  446.58856]]

 [[ 636.83606  441.65659]]

 [[ 585.39185  435.56805]]

 [[ 534.36871  430.90555]]

 [[ 482.17014  425.87604]]

 [[ 428.90793  421.28326]]

 [[ 822.95374  426.76431]]

 [[ 775.37616  419.95947]]

 [[ 726.7851   413.38605]]

 [[ 679.07184  409.12772]]

 [[ 630.69153  403.41501]]

 [[ 580.90851  397.63608]]

 [[ 531.25275  392.09177]]

 [[ 479.8309   386.38773]]

 [[ 428.11417  382.65649]]

 [[ 810.97565  389.77335]]

 [[ 765.78729  384.37134]]

 [[ 718.94843  378.21649]]

 [[ 670.96899  371.94183]]

 [[ 624.93835  365.96909]]

 [[ 576.44873  359.9888 ]]

 [[ 527.61029  354.91629]]

 [[ 477.2933   351.16141]]

 [[ 426.77878  348.11032]]

 [[ 801.31299  357.52505]]

 [[ 755.6394   350.36487]]

 [[ 710.99371  344.13068]]

 [[ 664.92633  337.99771]]

 [[ 618.2301   331.56104]]

 [[ 571.40045  327.78024]]

 [[ 523.29633  323.80991]]

 [[ 474.66797  320.41809]]

 [[ 425.55737  316.67731]]

 [[ 789.59137  325.0592 ]]

 [[ 746.50806  318.51859]]

 [[ 702.40717  312.9975 ]]

 [[ 658.07623  307.97247]]

 [[ 612.44757  302.25159]]

 [[ 566.49451  297.26501]]

 [[ 519.43848  293.26874]]

 [[ 472.06296  288.48102]]

 [[ 424.74896  284.35117]]] 
9 
 ---- corners subpix  [[[ 846.4848   503.12457]]

 [[ 796.80267  498.29584]]

 [[ 746.44763  492.87979]]

 [[ 695.44812  487.23126]]

 [[ 643.99103  482.19809]]

 [[ 591.80737  475.63916]]

 [[ 539.76483  467.28888]]

 [[ 485.05869  465.63351]]

 [[ 430.31641  461.31622]]

 [[ 833.81647  463.02328]]

 [[ 786.15521  457.28122]]

 [[ 737.05475  451.6857 ]]

 [[ 687.0968   446.49551]]

 [[ 637.20361  441.4267 ]]

 [[ 586.08496  436.18021]]

 [[ 534.38226  430.74179]]

 [[ 482.0499   425.80954]]

 [[ 428.93811  421.30609]]

 [[ 822.08069  425.81314]]

 [[ 775.46204  419.90872]]

 [[ 727.6994   414.34485]]

 [[ 679.07404  409.21457]]

 [[ 630.64233  403.33417]]

 [[ 581.06714  397.56689]]

 [[ 530.89478  391.70502]]

 [[ 479.87051  386.44955]]

 [[ 428.0712   382.5787 ]]

 [[ 810.78467  389.86362]]

 [[ 765.3606   384.07568]]

 [[ 718.82489  378.35614]]

 [[ 671.74811  372.6543 ]]

 [[ 624.92621  366.01184]]

 [[ 576.56995  360.03839]]

 [[ 527.47333  354.88455]]

 [[ 477.41446  351.22336]]

 [[ 426.85031  347.84158]]

 [[ 800.1535   356.48236]]

 [[ 756.02557  350.22821]]

 [[ 710.91479  343.93774]]

 [[ 665.01276  337.99225]]

 [[ 619.05511  332.31195]]

 [[ 571.4447   327.69455]]

 [[ 523.30615  323.84177]]

 [[ 474.62201  320.35132]]

 [[ 425.57266  316.66364]]

 [[ 789.75787  324.93826]]

 [[ 746.66125  318.604  ]]

 [[ 702.35968  313.16748]]

 [[ 657.47821  307.3721 ]]

 [[ 612.50677  302.12057]]

 [[ 566.39746  297.19012]]

 [[ 519.5105   293.14124]]

 [[ 472.37686  288.87515]]

 [[ 424.8027   284.28183]]] 
10 
 ---- corners  [[[ 736.07617  534.49719]]

 [[ 679.28577  536.52246]]

 [[ 621.54913  538.69586]]

 [[ 563.53058  540.80676]]

 [[ 506.35873  543.12598]]

 [[ 448.09387  543.90454]]

 [[ 389.37671  543.43121]]

 [[ 331.11441  549.94489]]

 [[ 272.45001  553.29663]]

 [[ 724.18213  491.64941]]

 [[ 669.0238   492.96817]]

 [[ 613.44946  494.74423]]

 [[ 557.12103  496.97992]]

 [[ 501.46051  499.50516]]

 [[ 445.12097  501.75992]]

 [[ 388.65952  504.13162]]

 [[ 331.97079  506.96057]]

 [[ 275.00247  510.32196]]

 [[ 712.57806  452.02051]]

 [[ 659.4162   453.29874]]

 [[ 605.48035  454.97   ]]

 [[ 550.98987  457.50476]]

 [[ 497.25995  458.99747]]

 [[ 442.30408  460.63483]]

 [[ 387.68555  462.694  ]]

 [[ 332.44077  465.04919]]

 [[ 277.53162  469.04883]]

 [[ 702.24768  414.57791]]

 [[ 650.35809  415.58356]]

 [[ 598.03912  417.09116]]

 [[ 545.53833  418.91898]]

 [[ 493.27063  419.33459]]

 [[ 439.93057  421.04434]]

 [[ 386.71588  423.27148]]

 [[ 333.28726  427.37552]]

 [[ 280.07108  432.04507]]

 [[ 692.28796  379.72122]]

 [[ 641.62164  380.35172]]

 [[ 591.95251  381.6947 ]]

 [[ 539.97815  382.5838 ]]

 [[ 489.12204  384.11154]]

 [[ 437.55951  387.00626]]

 [[ 385.95172  390.56628]]

 [[ 334.43091  394.71967]]

 [[ 282.8653   398.90173]]

 [[ 682.58936  346.79361]]

 [[ 633.78973  347.50461]]

 [[ 584.46075  349.39252]]

 [[ 534.8573   350.50101]]

 [[ 485.48123  352.3858 ]]

 [[ 435.19992  355.08612]]

 [[ 385.22415  358.67468]]

 [[ 335.22183  361.98123]]

 [[ 285.03287  364.83228]]] 
10 
 ---- corners subpix  [[[ 736.09247  534.41589]]

 [[ 679.22559  536.67273]]

 [[ 621.59839  538.87317]]

 [[ 563.74194  540.61456]]

 [[ 506.30283  543.19818]]

 [[ 447.91565  544.31433]]

 [[ 389.44476  543.37958]]

 [[ 331.12927  549.7962 ]]

 [[ 272.38367  553.36487]]

 [[ 724.02051  491.64056]]

 [[ 669.02374  492.99658]]

 [[ 613.35516  494.66309]]

 [[ 557.32227  497.00821]]

 [[ 501.55914  499.44547]]

 [[ 445.16849  501.71844]]

 [[ 388.5488   504.14835]]

 [[ 331.97729  506.9946 ]]

 [[ 275.25317  510.30081]]

 [[ 712.72827  452.21829]]

 [[ 659.50165  453.45959]]

 [[ 605.44183  455.03415]]

 [[ 551.03528  457.45004]]

 [[ 497.25577  458.90082]]

 [[ 442.43057  460.65793]]

 [[ 387.51367  462.54327]]

 [[ 332.49652  465.02188]]

 [[ 277.46503  468.94763]]

 [[ 702.16168  414.47937]]

 [[ 650.47437  415.57526]]

 [[ 598.05566  417.27252]]

 [[ 545.43152  418.78793]]

 [[ 493.21033  419.39172]]

 [[ 439.83963  421.02399]]

 [[ 386.55426  423.50058]]

 [[ 333.37326  427.49387]]

 [[ 280.2366   431.8829 ]]

 [[ 692.20752  379.55307]]

 [[ 641.93781  380.33856]]

 [[ 591.31403  381.27844]]

 [[ 540.08563  382.457  ]]

 [[ 489.22937  384.02582]]

 [[ 437.5206   386.91446]]

 [[ 385.90112  390.71844]]

 [[ 334.50024  394.77191]]

 [[ 282.97867  398.83078]]

 [[ 682.54926  346.76324]]

 [[ 633.87244  347.4848 ]]

 [[ 584.46008  349.21323]]

 [[ 534.81122  350.50146]]

 [[ 485.44623  352.50629]]

 [[ 435.34027  355.08969]]

 [[ 385.30698  358.54852]]

 [[ 335.3035   361.7908 ]]

 [[ 285.06863  364.67401]]] 
11 
 ---- corners  [[[ 437.96729  453.9863 ]]

 [[ 402.76379  450.23547]]

 [[ 366.31647  446.19275]]

 [[ 326.72208  440.61444]]

 [[ 285.93509  436.00919]]

 [[ 243.02705  429.58801]]

 [[ 198.70454  422.65244]]

 [[ 147.41505  419.16202]]

 [[  94.30945  413.58066]]

 [[ 432.59085  408.63602]]

 [[ 398.55249  402.97668]]

 [[ 361.68015  397.39163]]

 [[ 323.05621  391.49744]]

 [[ 281.61938  385.4769 ]]

 [[ 238.56125  379.05435]]

 [[ 192.47403  371.73007]]

 [[ 143.64017  364.90466]]

 [[  91.31148  357.63541]]

 [[ 427.20563  364.29672]]

 [[ 393.45483  357.74149]]

 [[ 356.92059  351.00909]]

 [[ 317.9545   344.2951 ]]

 [[ 278.0603   336.51532]]

 [[ 235.1689   328.53156]]

 [[ 190.06296  320.01602]]

 [[ 142.19762  311.5322 ]]

 [[  89.59661  303.31116]]

 [[ 422.44037  320.80136]]

 [[ 388.78424  313.46136]]

 [[ 352.17859  305.43939]]

 [[ 314.67609  297.49289]]

 [[ 275.34467  287.72162]]

 [[ 232.31952  278.00977]]

 [[ 187.28036  269.38312]]

 [[ 138.65901  260.56723]]

 [[  86.28196  250.88208]]

 [[ 416.94363  278.66452]]

 [[ 383.74356  269.83261]]

 [[ 349.44711  261.52295]]

 [[ 310.84485  251.40453]]

 [[ 271.05579  241.53815]]

 [[ 228.23471  231.83485]]

 [[ 182.55775  222.51875]]

 [[ 133.40904  212.19411]]

 [[  83.22823  202.19733]]

 [[ 411.6474   237.48097]]

 [[ 378.46396  227.58319]]

 [[ 342.55252  218.02255]]

 [[ 305.03152  207.31477]]

 [[ 265.51694  196.91147]]

 [[ 223.12172  186.16208]]

 [[ 177.79829  175.39919]]

 [[ 130.0795   163.51913]]

 [[  80.50593  151.43013]]] 
11 
 ---- corners subpix  [[[ 438.24426  454.37338]]

 [[ 402.82275  450.1705 ]]

 [[ 365.84122  445.62805]]

 [[ 326.83182  440.62256]]

 [[ 285.60474  435.78723]]

 [[ 242.74901  430.03467]]

 [[ 198.89569  422.86502]]

 [[ 147.26524  419.18491]]

 [[  94.40825  413.56149]]

 [[ 432.81653  408.60574]]

 [[ 398.53027  402.99075]]

 [[ 361.79916  397.26556]]

 [[ 322.76251  391.36984]]

 [[ 281.81879  385.23218]]

 [[ 238.40733  378.6716 ]]

 [[ 192.39383  371.76419]]

 [[ 143.48607  364.8078 ]]

 [[  91.31002  357.66937]]

 [[ 427.46722  364.61111]]

 [[ 393.39499  357.95081]]

 [[ 356.92783  351.01505]]

 [[ 318.03741  344.0939 ]]

 [[ 278.05933  336.49243]]

 [[ 235.37296  328.50891]]

 [[ 190.20305  320.11166]]

 [[ 141.99174  311.54883]]

 [[  89.63422  303.38412]]

 [[ 422.2948   320.82831]]

 [[ 388.46558  313.19418]]

 [[ 352.32089  305.35608]]

 [[ 314.1691   296.94702]]

 [[ 275.29343  287.86752]]

 [[ 232.89444  278.63803]]

 [[ 187.45081  269.34845]]

 [[ 138.45793  260.26291]]

 [[  86.38603  250.96384]]

 [[ 417.12128  278.66431]]

 [[ 383.70883  269.88144]]

 [[ 348.4523   260.7146 ]]

 [[ 310.77554  251.33461]]

 [[ 271.27383  241.52547]]

 [[ 228.12518  231.85898]]

 [[ 182.27356  222.20798]]

 [[ 133.6288   212.16168]]

 [[  82.5551   201.67322]]

 [[ 411.64203  237.32515]]

 [[ 378.56894  227.59439]]

 [[ 342.61594  217.7755 ]]

 [[ 305.11731  207.51782]]

 [[ 265.53986  197.0553 ]]

 [[ 223.28674  186.15028]]

 [[ 177.75104  175.32663]]

 [[ 130.39885  163.66644]]

 [[  80.53093  151.39674]]] 
12 
 ---- corners  [[[ 610.4032   443.51062]]

 [[ 549.00317  443.95132]]

 [[ 489.40228  445.17215]]

 [[ 430.91904  445.43652]]

 [[ 376.79865  445.94867]]

 [[ 322.82208  445.89752]]

 [[ 270.13391  444.9509 ]]

 [[ 222.83852  448.46362]]

 [[ 177.42746  449.23251]]

 [[ 615.96021  381.35394]]

 [[ 554.48438  382.89279]]

 [[ 495.4068   384.70856]]

 [[ 438.88971  386.27243]]

 [[ 385.02673  388.74945]]

 [[ 333.25262  390.3504 ]]

 [[ 283.05121  392.26367]]

 [[ 235.32552  393.98093]]

 [[ 189.25565  395.93964]]

 [[ 620.87573  322.69363]]

 [[ 560.63544  325.31519]]

 [[ 502.51892  327.85123]]

 [[ 446.612    331.26169]]

 [[ 393.71228  333.60587]]

 [[ 341.1976   336.28336]]

 [[ 291.87411  338.39096]]

 [[ 243.88443  341.20554]]

 [[ 198.91705  344.55405]]

 [[ 625.94635  264.96399]]

 [[ 566.65552  268.55222]]

 [[ 510.3812   271.52255]]

 [[ 454.24164  275.89505]]

 [[ 400.62042  279.35101]]

 [[ 349.60333  282.17249]]

 [[ 301.54327  285.4505 ]]

 [[ 254.65315  290.59366]]

 [[ 211.03682  295.42075]]

 [[ 630.71057  209.86259]]

 [[ 573.24023  213.59857]]

 [[ 515.6731   218.39844]]

 [[ 460.44568  223.67902]]

 [[ 409.1246   227.34526]]

 [[ 359.50238  232.43471]]

 [[ 311.7175   237.84615]]

 [[ 265.75174  244.47183]]

 [[ 223.36786  249.3306 ]]

 [[ 636.43713  155.59309]]

 [[ 578.21033  161.83931]]

 [[ 522.94257  167.37595]]

 [[ 468.89819  172.81512]]

 [[ 419.28989  177.56963]]

 [[ 368.93668  184.47423]]

 [[ 323.30081  189.85942]]

 [[ 276.81183  196.46233]]

 [[ 234.40205  201.27409]]] 
12 
 ---- corners subpix  [[[ 610.36023  443.38272]]

 [[ 548.65259  444.20203]]

 [[ 488.95731  444.94229]]

 [[ 431.29367  445.30212]]

 [[ 376.78058  445.99313]]

 [[ 322.80878  445.97766]]

 [[ 269.89413  444.79501]]

 [[ 223.77856  447.67728]]

 [[ 177.29906  449.05975]]

 [[ 615.68872  381.48306]]

 [[ 554.52948  382.91257]]

 [[ 495.58392  384.68073]]

 [[ 439.19138  386.53922]]

 [[ 385.43152  388.47507]]

 [[ 333.27286  390.29984]]

 [[ 283.32227  392.02643]]

 [[ 235.30299  393.90988]]

 [[ 189.23872  396.09531]]

 [[ 620.94519  322.52994]]

 [[ 560.73132  325.16266]]

 [[ 502.65921  327.81189]]

 [[ 447.01602  331.00906]]

 [[ 393.66095  333.52435]]

 [[ 341.61325  335.90784]]

 [[ 291.63068  338.44855]]

 [[ 243.89661  341.18936]]

 [[ 199.1488   344.67084]]

 [[ 625.93134  264.82568]]

 [[ 566.63812  268.47638]]

 [[ 509.50455  272.25302]]

 [[ 454.3363   275.90536]]

 [[ 401.03784  278.79007]]

 [[ 349.5592   282.19119]]

 [[ 300.68073  286.07901]]

 [[ 254.7641   290.60919]]

 [[ 210.86916  295.45386]]

 [[ 630.74493  209.91037]]

 [[ 572.41406  214.14661]]

 [[ 515.56384  218.41139]]

 [[ 460.89774  222.87245]]

 [[ 409.1134   227.3595 ]]

 [[ 359.2569   232.55453]]

 [[ 312.03546  238.22717]]

 [[ 266.86108  243.72133]]

 [[ 223.36365  249.19414]]

 [[ 635.68231  156.6593 ]]

 [[ 578.09131  161.7859 ]]

 [[ 522.77228  167.54529]]

 [[ 469.19705  172.99745]]

 [[ 418.3161   178.52182]]

 [[ 368.85876  184.36674]]

 [[ 322.20673  190.69296]]

 [[ 276.95862  196.57738]]

 [[ 233.21198  202.05331]]] 
13 
 ---- corners  [[[ 686.49506  394.58539]]

 [[ 604.45032  402.96561]]

 [[ 526.18042  409.9819 ]]

 [[ 450.50565  416.51221]]

 [[ 379.83789  423.6076 ]]

 [[ 309.70413  428.7981 ]]

 [[ 242.17325  432.07248]]

 [[ 183.10356  441.56519]]

 [[ 124.07808  448.63724]]

 [[ 687.66089  321.55801]]

 [[ 608.09546  330.00937]]

 [[ 531.77716  338.4552 ]]

 [[ 458.47534  346.99347]]

 [[ 389.87338  355.26056]]

 [[ 323.29874  363.40939]]

 [[ 258.84882  371.37442]]

 [[ 198.63123  378.74774]]

 [[ 141.17453  386.28421]]

 [[ 689.0097   253.82173]]

 [[ 611.65198  263.70508]]

 [[ 537.56989  273.47015]]

 [[ 467.10764  282.75412]]

 [[ 398.72336  292.01498]]

 [[ 333.66568  299.87613]]

 [[ 270.37305  308.79645]]

 [[ 210.61481  317.58566]]

 [[ 154.80927  327.22461]]

 [[ 690.33118  189.16444]]

 [[ 615.54578  200.08609]]

 [[ 542.47107  211.37677]]

 [[ 473.48932  221.27974]]

 [[ 407.22195  229.54283]]

 [[ 342.43637  239.33493]]

 [[ 283.02216  248.69557]]

 [[ 224.95886  260.84085]]

 [[ 170.68246  271.9895 ]]

 [[ 691.56183  129.44974]]

 [[ 618.24432  140.49623]]

 [[ 547.52301  151.49297]]

 [[ 479.49579  162.58183]]

 [[ 415.36996  173.71156]]

 [[ 354.95517  184.33647]]

 [[ 295.41641  197.71292]]

 [[ 239.37714  211.39404]]

 [[ 186.77618  221.64127]]

 [[ 693.38416   72.38914]]

 [[ 621.8855    84.64316]]

 [[ 552.53918   98.15032]]

 [[ 487.41473  109.84564]]

 [[ 424.52206  122.29443]]

 [[ 364.62164  134.13933]]

 [[ 308.99716  146.24779]]

 [[ 252.70015  159.10364]]

 [[ 198.66844  171.57423]]] 
13 
 ---- corners subpix  [[[ 686.3692   394.60852]]

 [[ 604.6355   402.58807]]

 [[ 526.08765  409.81   ]]

 [[ 450.65405  416.48035]]

 [[ 379.87048  423.3511 ]]

 [[ 310.18326  428.61826]]

 [[ 242.30878  431.97784]]

 [[ 183.09108  441.67911]]

 [[ 124.01561  448.59457]]

 [[ 687.85516  321.4975 ]]

 [[ 608.12646  329.9249 ]]

 [[ 531.59943  338.47037]]

 [[ 458.59232  347.17444]]

 [[ 389.69379  355.37659]]

 [[ 323.12946  363.39621]]

 [[ 259.49564  370.8757 ]]

 [[ 198.81186  378.66882]]

 [[ 140.91721  386.41434]]

 [[ 689.2984   253.85269]]

 [[ 611.74823  263.53186]]

 [[ 537.4646   273.33563]]

 [[ 466.54889  283.30161]]

 [[ 398.78598  291.99863]]

 [[ 333.21579  300.54059]]

 [[ 270.45987  308.89413]]

 [[ 210.7352   317.46558]]

 [[ 154.70821  327.17966]]

 [[ 690.45758  189.28008]]

 [[ 615.32727  200.01122]]

 [[ 542.97693  210.81865]]

 [[ 473.46738  221.28424]]

 [[ 406.86142  230.01294]]

 [[ 342.53644  239.64612]]

 [[ 281.65463  249.72668]]

 [[ 224.83144  260.77332]]

 [[ 170.61319  271.99323]]

 [[ 691.58173  129.35886]]

 [[ 618.40576  140.40324]]

 [[ 547.51593  151.50699]]

 [[ 479.56644  162.53955]]

 [[ 415.38748  173.50551]]

 [[ 353.81564  185.5392 ]]

 [[ 295.53699  197.75584]]

 [[ 240.14862  210.09726]]

 [[ 186.88211  221.7056 ]]

 [[ 692.93774   72.71497]]

 [[ 621.62933   84.68774]]

 [[ 553.30115   97.48598]]

 [[ 487.33737  109.61259]]

 [[ 425.00934  121.66007]]

 [[ 364.64871  133.98029]]

 [[ 307.65521  147.16129]]

 [[ 252.82164  159.24536]]

 [[ 199.69731  170.52199]]] 
14 
 ---- corners  [[[ 699.49762  312.8826 ]]

 [[ 654.4494   311.80484]]

 [[ 611.14667  312.09891]]

 [[ 568.23328  309.75784]]

 [[ 525.73724  310.32321]]

 [[ 484.49158  309.43677]]

 [[ 444.13113  307.38058]]

 [[ 406.59549  309.24493]]

 [[ 369.17676  309.65738]]

 [[ 703.2052   274.09949]]

 [[ 660.21161  273.14996]]

 [[ 615.28571  273.53049]]

 [[ 574.20465  273.15927]]

 [[ 532.27386  273.87143]]

 [[ 492.79898  273.18442]]

 [[ 453.43344  273.8541 ]]

 [[ 415.58527  273.96271]]

 [[ 377.58664  275.8721 ]]

 [[ 708.54919  235.42831]]

 [[ 665.09869  236.1855 ]]

 [[ 621.86774  235.82304]]

 [[ 580.65808  236.96854]]

 [[ 540.58594  237.50951]]

 [[ 498.68576  238.51715]]

 [[ 460.94785  238.07416]]

 [[ 424.11545  237.91858]]

 [[ 386.7706   240.37161]]

 [[ 712.71796  200.23871]]

 [[ 670.33807  199.3903 ]]

 [[ 629.55334  199.27393]]

 [[ 587.48474  201.67291]]

 [[ 545.89282  202.15266]]

 [[ 506.8335   201.93268]]

 [[ 467.7316   204.28586]]

 [[ 431.93689  205.69113]]

 [[ 395.12207  208.8326 ]]

 [[ 718.08582  163.80641]]

 [[ 676.43213  163.11206]]

 [[ 634.19678  165.88321]]

 [[ 591.85437  167.39137]]

 [[ 553.58429  167.79167]]

 [[ 513.42145  170.57402]]

 [[ 477.04349  172.16284]]

 [[ 440.12939  175.62303]]

 [[ 405.42102  177.5538 ]]

 [[ 721.82983  130.97481]]

 [[ 680.48773  130.73518]]

 [[ 638.42041  133.80054]]

 [[ 599.91669  134.67537]]

 [[ 559.26752  137.13721]]

 [[ 521.91736  137.97021]]

 [[ 484.21771  141.9416 ]]

 [[ 448.96051  143.60634]]

 [[ 412.6351   146.65959]]] 
14 
 ---- corners subpix  [[[ 699.09149  312.34738]]

 [[ 654.34155  311.96283]]

 [[ 610.37518  311.51178]]

 [[ 567.33044  310.69348]]

 [[ 525.85266  310.40063]]

 [[ 484.61682  309.51282]]

 [[ 444.0549   307.18958]]

 [[ 406.62909  309.37793]]

 [[ 369.15015  309.60468]]

 [[ 704.17981  273.35944]]

 [[ 659.76733  272.92929]]

 [[ 616.37738  272.72913]]

 [[ 573.99585  273.01791]]

 [[ 533.18146  273.27954]]

 [[ 492.82944  273.41925]]

 [[ 453.74591  273.59384]]

 [[ 415.71039  273.94904]]

 [[ 378.54529  274.70123]]

 [[ 708.93518  235.86868]]

 [[ 665.25763  236.09784]]

 [[ 622.34766  236.36896]]

 [[ 580.60687  237.25018]]

 [[ 540.19214  237.40509]]

 [[ 499.98212  237.64803]]

 [[ 461.10745  237.99249]]

 [[ 423.159    238.71458]]

 [[ 386.74979  240.34543]]

 [[ 713.70526  199.26743]]

 [[ 670.51898  199.64435]]

 [[ 628.28461  200.48819]]

 [[ 586.83984  201.3542 ]]

 [[ 546.65967  201.43791]]

 [[ 506.93958  202.03563]]

 [[ 468.63046  203.35907]]

 [[ 431.83807  205.50958]]

 [[ 395.91705  207.95087]]

 [[ 718.27264  163.95659]]

 [[ 675.55609  164.73441]]

 [[ 633.6347   165.48807]]

 [[ 592.75128  166.4886 ]]

 [[ 553.33508  167.64864]]

 [[ 514.55554  169.78061]]

 [[ 477.21982  172.25977]]

 [[ 440.98303  174.82463]]

 [[ 405.51956  177.54753]]

 [[ 722.70715  129.98195]]

 [[ 680.57831  130.81686]]

 [[ 639.53607  132.75517]]

 [[ 599.16931  134.34752]]

 [[ 560.46417  136.16859]]

 [[ 522.13538  138.21062]]

 [[ 485.13834  141.14119]]

 [[ 448.93506  143.51633]]

 [[ 413.51419  145.81688]]] 
15 
 ---- corners  [[[ 683.61578  269.34705]]

 [[ 640.37799  269.37857]]

 [[ 598.80109  267.47797]]

 [[ 556.30719  266.4071 ]]

 [[ 516.75659  264.31842]]

 [[ 476.99619  261.81143]]

 [[ 437.08908  259.64767]]

 [[ 399.90912  260.41238]]

 [[ 362.81448  259.85138]]

 [[ 688.51862  232.86685]]

 [[ 646.59814  230.7646 ]]

 [[ 603.99939  230.49069]]

 [[ 563.45477  228.82936]]

 [[ 522.86646  229.06473]]

 [[ 484.62393  227.42503]]

 [[ 446.9563   225.74173]]

 [[ 408.40311  225.99017]]

 [[ 371.89832  225.55389]]

 [[ 694.02777  195.91682]]

 [[ 651.13959  195.68492]]

 [[ 611.30078  194.68022]]

 [[ 571.       194.5    ]]

 [[ 531.29077  193.89825]]

 [[ 490.1427   193.53355]]

 [[ 453.2056   191.88925]]

 [[ 415.83768  191.42104]]

 [[ 379.44171  192.08034]]

 [[ 698.00946  161.13983]]

 [[ 657.48547  159.6133 ]]

 [[ 615.29999  160.33075]]

 [[ 576.04437  158.92525]]

 [[ 535.92114  158.98442]]

 [[ 497.50708  157.2272 ]]

 [[ 459.30734  158.54163]]

 [[ 424.16711  158.82654]]

 [[ 388.54694  159.9561 ]]

 [[ 703.97437  126.1758 ]]

 [[ 661.67987  126.31377]]

 [[ 621.84259  124.97688]]

 [[ 581.54163  125.12222]]

 [[ 543.39362  124.97839]]

 [[ 506.07385  125.19833]]

 [[ 468.39203  127.05719]]

 [[ 431.67371  129.24078]]

 [[ 397.25034  130.11086]]

 [[ 707.31366   93.60371]]

 [[ 668.11206   92.79671]]

 [[ 626.37347   93.76118]]

 [[ 588.84259   93.37409]]

 [[ 550.81134   93.26197]]

 [[ 512.36139   94.32387]]

 [[ 475.78387   96.37862]]

 [[ 440.27057   97.60545]]

 [[ 404.70166   98.82894]]] 
15 
 ---- corners subpix  [[[ 684.19672  270.02036]]

 [[ 641.12164  268.68173]]

 [[ 598.59015  267.27356]]

 [[ 557.04303  265.53323]]

 [[ 516.88397  264.30542]]

 [[ 476.52734  262.35159]]

 [[ 436.87628  259.38727]]

 [[ 399.84201  260.42407]]

 [[ 362.77878  259.91595]]

 [[ 689.3194   232.33441]]

 [[ 646.56995  230.74606]]

 [[ 604.70166  229.76505]]

 [[ 563.55005  228.80885]]

 [[ 523.71484  228.14104]]

 [[ 484.38754  227.24774]]

 [[ 446.1662   226.49297]]

 [[ 408.51273  225.95407]]

 [[ 371.71152  225.7007 ]]

 [[ 694.19446  196.28708]]

 [[ 652.06372  194.99619]]

 [[ 610.45941  194.32855]]

 [[ 569.93768  193.97908]]

 [[ 530.52783  193.19432]]

 [[ 491.25955  192.43561]]

 [[ 453.06949  191.65312]]

 [[ 415.68307  191.46852]]

 [[ 379.56281  192.05649]]

 [[ 698.92395  160.27385]]

 [[ 657.42828  159.66034]]

 [[ 616.42938  159.30968]]

 [[ 576.17511  158.81218]]

 [[ 536.78094  158.08934]]

 [[ 497.92941  157.57997]]

 [[ 460.21399  157.75888]]

 [[ 423.76862  158.74817]]

 [[ 388.2876   160.13101]]

 [[ 703.6767   125.9257 ]]

 [[ 662.58472  125.40982]]

 [[ 621.83179  124.97336]]

 [[ 581.97162  124.8083 ]]

 [[ 543.34003  124.77493]]

 [[ 505.34683  125.68314]]

 [[ 468.41367  127.15233]]

 [[ 432.4635   128.51683]]

 [[ 397.33572  130.02403]]

 [[ 708.30902   92.70718]]

 [[ 667.58472   92.35567]]

 [[ 627.66364   92.73593]]

 [[ 588.31683   93.15652]]

 [[ 550.24097   93.67239]]

 [[ 512.51886   94.50179]]

 [[ 475.92313   96.25867]]

 [[ 440.18121   97.44386]]

 [[ 404.9057    98.5801 ]]] 
16 
 ---- corners  [[[ 755.69757  380.70792]]

 [[ 719.56592  391.85767]]

 [[ 686.09186  401.50262]]

 [[ 652.76984  410.94385]]

 [[ 622.33014  420.6575 ]]

 [[ 590.22717  429.72977]]

 [[ 560.26111  436.40488]]

 [[ 534.64221  446.89142]]

 [[ 509.11884  454.75888]]

 [[ 755.36493  342.53311]]

 [[ 719.85309  353.12738]]

 [[ 685.5896   364.86102]]

 [[ 654.05603  374.37885]]

 [[ 623.4129   384.50378]]

 [[ 593.78253  393.99167]]

 [[ 565.38037  403.51141]]

 [[ 538.69489  412.80453]]

 [[ 512.72198  421.24463]]

 [[ 755.49603  305.86407]]

 [[ 719.95062  317.8306 ]]

 [[ 686.9577   328.48126]]

 [[ 654.72083  340.59592]]

 [[ 625.11865  350.3215 ]]

 [[ 594.28528  361.09811]]

 [[ 566.95612  369.98035]]

 [[ 539.50787  379.68668]]

 [[ 514.77429  388.83347]]

 [[ 754.53491  270.62607]]

 [[ 720.73523  281.69473]]

 [[ 687.81415  293.61923]]

 [[ 656.03815  304.97449]]

 [[ 625.17529  315.95294]]

 [[ 596.21088  326.16916]]

 [[ 568.48291  336.63004]]

 [[ 543.00085  347.547  ]]

 [[ 517.68451  358.60236]]

 [[ 755.04468  235.09987]]

 [[ 720.4881   248.27782]]

 [[ 688.09381  259.67444]]

 [[ 656.78101  271.40131]]

 [[ 626.94684  283.07706]]

 [[ 598.89655  294.68494]]

 [[ 572.50293  306.09134]]

 [[ 546.651    318.09991]]

 [[ 522.89221  328.19699]]

 [[ 755.83557  200.55272]]

 [[ 721.55927  214.3575 ]]

 [[ 689.68634  227.17325]]

 [[ 658.73749  239.78041]]

 [[ 630.64227  250.53757]]

 [[ 601.81586  263.82608]]

 [[ 575.36084  276.32971]]

 [[ 550.3241   287.23907]]

 [[ 526.27997  297.29581]]] 
16 
 ---- corners subpix  [[[ 755.61169  380.67166]]

 [[ 720.1991   391.32697]]

 [[ 685.99585  401.47531]]

 [[ 652.76636  411.09348]]

 [[ 622.15521  420.42862]]

 [[ 591.08209  429.00458]]

 [[ 560.36456  436.29617]]

 [[ 535.32587  446.22568]]

 [[ 509.0799   454.71484]]

 [[ 755.4859   342.43179]]

 [[ 719.86328  353.35938]]

 [[ 686.11823  364.14716]]

 [[ 654.01654  374.46613]]

 [[ 623.40521  384.47913]]

 [[ 593.771    394.2724 ]]

 [[ 565.59625  403.44678]]

 [[ 538.58435  412.53143]]

 [[ 512.61346  421.40781]]

 [[ 755.38678  305.82999]]

 [[ 720.47681  317.38037]]

 [[ 687.16614  328.58813]]

 [[ 655.38232  339.71603]]

 [[ 624.87518  349.99622]]

 [[ 595.00879  360.21069]]

 [[ 566.76105  369.80481]]

 [[ 539.72919  379.37903]]

 [[ 514.65961  389.1488 ]]

 [[ 755.24048  269.67709]]

 [[ 720.7774   281.82193]]

 [[ 687.88763  293.68835]]

 [[ 656.22626  305.2854 ]]

 [[ 625.50555  315.61639]]

 [[ 596.15106  326.18475]]

 [[ 568.42279  336.68527]]

 [[ 543.01019  347.34991]]

 [[ 518.53461  357.74121]]

 [[ 755.1322   235.00276]]

 [[ 721.01678  247.51553]]

 [[ 688.13495  259.72214]]

 [[ 656.64801  271.60138]]

 [[ 626.99158  283.04599]]

 [[ 599.0943   294.63434]]

 [[ 572.63348  306.17191]]

 [[ 547.49927  317.35934]]

 [[ 523.28357  328.17047]]

 [[ 755.17206  201.47032]]

 [[ 721.56989  214.44626]]

 [[ 689.76178  227.36732]]

 [[ 658.86938  239.84196]]

 [[ 630.00952  251.81969]]

 [[ 601.90558  263.75339]]

 [[ 575.74731  275.70352]]

 [[ 550.36108  287.10944]]

 [[ 525.56732  297.9165 ]]] 
17 
 ---- corners  [[[ 675.62817  545.91528]]

 [[ 640.44916  556.28668]]

 [[ 605.74561  567.67987]]

 [[ 571.77179  577.98767]]

 [[ 540.36151  587.6546 ]]

 [[ 508.00977  597.6308 ]]

 [[ 477.06497  605.4256 ]]

 [[ 450.07471  616.34814]]

 [[ 423.03381  625.02692]]

 [[ 673.03711  507.41693]]

 [[ 637.85577  518.70148]]

 [[ 604.19653  529.52069]]

 [[ 570.95471  540.45996]]

 [[ 540.98749  550.44586]]

 [[ 509.97232  561.43866]]

 [[ 480.32242  571.74548]]

 [[ 452.50311  581.02374]]

 [[ 425.22424  590.74359]]

 [[ 671.05792  471.05054]]

 [[ 636.41486  482.66785]]

 [[ 603.16345  494.2449 ]]

 [[ 570.6416   506.03659]]

 [[ 540.35712  516.38806]]

 [[ 509.72342  526.77063]]

 [[ 480.85031  536.80896]]

 [[ 453.02985  546.75629]]

 [[ 426.74814  556.93365]]

 [[ 669.34521  434.53534]]

 [[ 635.04254  447.72852]]

 [[ 601.71558  460.01154]]

 [[ 570.35822  470.56573]]

 [[ 539.52026  481.52606]]

 [[ 509.74747  492.49142]]

 [[ 481.29327  503.43439]]

 [[ 454.92691  514.04199]]

 [[ 429.75723  525.03778]]

 [[ 666.67389  401.39218]]

 [[ 632.68756  414.52322]]

 [[ 600.79926  425.44931]]

 [[ 569.97418  437.01932]]

 [[ 539.45062  448.81491]]

 [[ 510.83948  461.06497]]

 [[ 484.2514   472.56323]]

 [[ 457.64886  484.52872]]

 [[ 433.08359  494.60495]]

 [[ 665.47614  367.77179]]

 [[ 632.18842  381.07413]]

 [[ 600.20374  394.55087]]

 [[ 570.01782  405.82025]]

 [[ 540.91827  417.95047]]

 [[ 512.78436  430.04926]]

 [[ 485.97296  441.95752]]

 [[ 460.2702   453.53854]]

 [[ 435.25064  463.57645]]] 
17 
 ---- corners subpix  [[[ 675.55084  545.68738]]

 [[ 640.19507  556.89972]]

 [[ 605.64362  567.62036]]

 [[ 572.15546  577.8042 ]]

 [[ 540.49249  587.79498]]

 [[ 508.56168  597.16284]]

 [[ 476.80521  605.2403 ]]

 [[ 450.51086  615.90161]]

 [[ 422.97614  625.16254]]

 [[ 673.11237  507.39597]]

 [[ 637.87897  518.63879]]

 [[ 604.10675  529.74573]]

 [[ 571.25873  540.6712 ]]

 [[ 540.37781  551.24957]]

 [[ 509.90793  561.46063]]

 [[ 480.76654  571.34253]]

 [[ 452.61563  581.0528 ]]

 [[ 425.47318  590.60114]]

 [[ 671.07611  470.91718]]

 [[ 636.47253  482.63248]]

 [[ 603.11774  494.19855]]

 [[ 571.14038  505.62173]]

 [[ 540.31958  516.24719]]

 [[ 509.79712  526.8053 ]]

 [[ 480.72379  536.8891 ]]

 [[ 452.76059  546.95557]]

 [[ 426.7059   557.26465]]

 [[ 668.69104  435.40094]]

 [[ 634.9162   447.43997]]

 [[ 602.16541  459.35733]]

 [[ 570.48877  470.85483]]

 [[ 539.47235  481.58496]]

 [[ 509.56842  492.47452]]

 [[ 481.36954  503.26007]]

 [[ 454.84103  514.3606 ]]

 [[ 429.48499  525.18597]]

 [[ 666.70691  401.36539]]

 [[ 633.27606  413.61655]]

 [[ 600.7901   425.65201]]

 [[ 569.43188  437.51593]]

 [[ 539.54797  449.00186]]

 [[ 511.18906  460.74542]]

 [[ 484.20657  472.42636]]

 [[ 458.30374  483.76056]]

 [[ 433.29446  494.83679]]

 [[ 665.07965  368.51971]]

 [[ 632.16907  381.01846]]

 [[ 600.78607  393.76688]]

 [[ 570.15289  406.05594]]

 [[ 541.16223  417.8689 ]]

 [[ 512.9502   429.84363]]

 [[ 486.14056  441.91068]]

 [[ 460.29288  453.29727]]

 [[ 434.61359  464.35428]]] 
18 
 ---- corners  [[[ 521.58142  428.47058]]

 [[ 472.01163  428.48648]]

 [[ 423.35675  428.12384]]

 [[ 374.36395  427.64035]]

 [[ 327.16153  427.53616]]

 [[ 279.23044  426.1326 ]]

 [[ 231.44196  424.12537]]

 [[ 186.13622  426.63721]]

 [[ 140.58296  427.66785]]

 [[ 524.32819  388.2428 ]]

 [[ 475.70718  387.65103]]

 [[ 427.70572  387.7666 ]]

 [[ 380.3418   387.79907]]

 [[ 333.87695  387.91122]]

 [[ 287.19104  388.0423 ]]

 [[ 241.69193  388.13504]]

 [[ 196.20816  388.94049]]

 [[ 150.99799  390.34268]]

 [[ 526.77502  350.65204]]

 [[ 479.31586  350.29214]]

 [[ 432.62823  350.47372]]

 [[ 385.91772  350.95392]]

 [[ 340.18744  350.5387 ]]

 [[ 294.51697  350.70233]]

 [[ 249.35362  350.76355]]

 [[ 205.14151  351.13586]]

 [[ 161.42293  352.98746]]

 [[ 528.70398  314.13452]]

 [[ 483.08417  314.02234]]

 [[ 436.59879  314.04089]]

 [[ 391.21292  313.9902 ]]

 [[ 346.25494  313.62607]]

 [[ 301.53128  313.69095]]

 [[ 257.79276  314.21585]]

 [[ 214.14653  316.47827]]

 [[ 171.36406  319.29987]]

 [[ 531.09332  279.47183]]

 [[ 485.91632  279.03848]]

 [[ 440.97183  278.9556 ]]

 [[ 395.69977  279.479  ]]

 [[ 352.24057  279.46518]]

 [[ 309.17825  280.62759]]

 [[ 265.93024  283.06247]]

 [[ 223.32986  285.59018]]

 [[ 181.91638  287.6478 ]]

 [[ 532.76642  247.13918]]

 [[ 489.16449  246.41899]]

 [[ 444.95554  247.08862]]

 [[ 401.45511  247.63835]]

 [[ 359.02872  247.90091]]

 [[ 315.7485   249.72827]]

 [[ 273.41031  252.11679]]

 [[ 232.3215   253.57132]]

 [[ 190.30275  255.73903]]] 
18 
 ---- corners subpix  [[[ 521.5575   428.41345]]

 [[ 472.28735  428.33627]]

 [[ 423.24509  428.13809]]

 [[ 374.44315  427.53241]]

 [[ 326.95972  427.49768]]

 [[ 279.05594  426.46786]]

 [[ 231.39696  423.7999 ]]

 [[ 186.24756  426.77444]]

 [[ 140.51135  427.56052]]

 [[ 524.16779  388.30353]]

 [[ 475.84668  387.75626]]

 [[ 427.80984  387.61606]]

 [[ 380.31168  387.76794]]

 [[ 333.66858  387.94888]]

 [[ 287.27335  388.0116 ]]

 [[ 241.57774  388.34198]]

 [[ 196.30632  388.79102]]

 [[ 151.62407  389.65726]]

 [[ 526.59216  350.51016]]

 [[ 479.41321  350.35141]]

 [[ 432.43289  350.35852]]

 [[ 385.93872  350.66135]]

 [[ 340.25452  350.522  ]]

 [[ 294.53116  350.60019]]

 [[ 249.40887  350.60654]]

 [[ 204.81213  351.27063]]

 [[ 161.28798  352.79266]]

 [[ 528.92078  314.13455]]

 [[ 482.75986  313.91525]]

 [[ 436.70493  314.20093]]

 [[ 391.18625  314.31235]]

 [[ 346.3573   313.56549]]

 [[ 301.40939  313.68832]]

 [[ 257.32837  314.54977]]

 [[ 214.20839  316.56531]]

 [[ 171.62703  318.85181]]

 [[ 531.12012  279.38788]]

 [[ 486.01389  279.20349]]

 [[ 440.86838  279.05804]]

 [[ 396.06717  279.17892]]

 [[ 352.32867  279.55002]]

 [[ 308.70166  280.95883]]

 [[ 265.97458  283.20193]]

 [[ 223.79657  285.4736 ]]

 [[ 182.24156  287.64307]]

 [[ 533.31085  246.55147]]

 [[ 489.07913  246.27916]]

 [[ 445.05179  247.09404]]

 [[ 401.35629  247.50574]]

 [[ 358.55417  248.42088]]

 [[ 315.72614  249.60847]]

 [[ 273.77948  251.77834]]

 [[ 232.41237  253.53807]]

 [[ 191.19632  255.2272 ]]] 
19 
 ---- corners  [[[ 805.69458  490.83847]]

 [[ 708.72003  484.36612]]

 [[ 611.7995   475.93378]]

 [[ 518.13336  468.79285]]

 [[ 426.87888  460.8479 ]]

 [[ 336.47479  453.07477]]

 [[ 247.74094  442.93845]]

 [[ 164.43123  440.94611]]

 [[  81.50189  436.69653]]

 [[ 804.83972  406.45056]]

 [[ 712.54852  399.45569]]

 [[ 619.50562  393.6442 ]]

 [[ 527.41095  387.98605]]

 [[ 440.63599  381.65125]]

 [[ 353.45428  375.95493]]

 [[ 269.32602  370.58096]]

 [[ 186.77284  366.17126]]

 [[ 106.61257  362.1846 ]]

 [[ 806.5      329.5    ]]

 [[ 716.       323.5    ]]

 [[ 626.17145  317.38007]]

 [[ 538.50824  314.15457]]

 [[ 452.72659  308.44177]]

 [[ 368.10797  303.32053]]

 [[ 286.03198  298.25854]]

 [[ 206.2972   293.99109]]

 [[ 129.00221  292.72922]]

 [[ 806.47424  256.92438]]

 [[ 718.8736   251.64061]]

 [[ 633.03046  247.17281]]

 [[ 547.76642  242.69751]]

 [[ 464.76422  237.68944]]

 [[ 382.3508   232.25575]]

 [[ 302.18378  230.53305]]

 [[ 226.27274  229.21962]]

 [[ 151.29672  228.42932]]

 [[ 805.59399  189.96176]]

 [[ 722.00647  184.82417]]

 [[ 637.89716  180.13055]]

 [[ 556.56226  176.48622]]

 [[ 475.23801  173.3506 ]]

 [[ 395.84125  173.12871]]

 [[ 319.45117  170.91884]]

 [[ 246.29289  170.61392]]

 [[ 172.78476  171.5011 ]]

 [[ 805.83362  128.0975 ]]

 [[ 724.48944  122.94106]]

 [[ 643.38409  120.90601]]

 [[ 563.28497  117.9656 ]]

 [[ 485.77826  116.17817]]

 [[ 409.82669  114.49328]]

 [[ 335.40332  114.43935]]

 [[ 262.53613  114.43182]]

 [[ 192.46848  112.8313 ]]] 
19 
 ---- corners subpix  [[[ 806.32257  490.99298]]

 [[ 708.22083  483.5751 ]]

 [[ 612.01703  476.15613]]

 [[ 517.71088  468.35165]]

 [[ 426.90009  461.40552]]

 [[ 336.5217   453.18018]]

 [[ 247.6593   442.76682]]

 [[ 164.35301  441.00235]]

 [[  81.43719  436.3829 ]]

 [[ 806.52191  406.71481]]

 [[ 712.2403   399.59656]]

 [[ 619.26044  393.12341]]

 [[ 528.31104  387.18903]]

 [[ 440.47876  381.66086]]

 [[ 353.77908  376.25098]]

 [[ 269.34399  370.72095]]

 [[ 186.83524  366.18277]]

 [[ 106.63079  362.18826]]

 [[ 806.5957   329.76608]]

 [[ 715.62262  323.61331]]

 [[ 625.90686  318.01587]]

 [[ 538.04004  313.62766]]

 [[ 452.78964  308.28098]]

 [[ 368.55948  303.07257]]

 [[ 286.15158  298.22919]]

 [[ 205.89211  294.31638]]

 [[ 128.48767  292.19199]]

 [[ 806.65491  256.79926]]

 [[ 718.86517  251.7601 ]]

 [[ 632.22028  247.30377]]

 [[ 547.09247  242.8118 ]]

 [[ 464.48865  237.35701]]

 [[ 382.47025  232.80106]]

 [[ 302.79071  229.99802]]

 [[ 225.72183  228.99648]]

 [[ 151.0593   228.54216]]

 [[ 806.55371  189.98111]]

 [[ 721.83051  185.07986]]

 [[ 637.88135  180.50175]]

 [[ 555.36029  176.66595]]

 [[ 475.45584  173.26294]]

 [[ 396.4852   171.79356]]

 [[ 319.89206  171.43158]]

 [[ 245.41382  171.50636]]

 [[ 172.80598  171.61784]]

 [[ 806.35663  127.64746]]

 [[ 724.38513  123.37023]]

 [[ 643.20068  120.70174]]

 [[ 563.37982  117.85201]]

 [[ 486.1333   115.8016 ]]

 [[ 409.58633  114.47892]]

 [[ 335.22745  114.6985 ]]

 [[ 262.61743  114.45378]]

 [[ 191.48451  113.76788]]] 
20 
 ---- corners  [[[ 750.5      406.5    ]]

 [[ 646.5      433.     ]]

 [[ 549.48572  457.90762]]

 [[ 457.39349  481.28549]]

 [[ 375.47653  502.27133]]

 [[ 294.77609  521.66229]]

 [[ 218.92488  536.83289]]

 [[ 158.22043  556.91187]]

 [[  95.0984   576.15277]]

 [[ 742.5      311.     ]]

 [[ 642.08575  340.25079]]

 [[ 548.67664  367.65601]]

 [[ 462.79532  391.84811]]

 [[ 383.       416.5    ]]

 [[ 308.22842  438.70145]]

 [[ 236.82849  460.51614]]

 [[ 173.67653  479.67996]]

 [[ 112.47209  499.28998]]

 [[ 735.17474  226.82574]]

 [[ 639.       256.5    ]]

 [[ 549.47375  285.48257]]

 [[ 466.94562  314.25418]]

 [[ 389.70761  338.13962]]

 [[ 316.49283  360.91177]]

 [[ 247.8969   383.39178]]

 [[ 185.33107  404.26794]]

 [[ 127.11734  426.82889]]

 [[ 725.66351  148.26978]]

 [[ 635.69855  178.69415]]

 [[ 550.94031  209.49258]]

 [[ 470.42902  237.46391]]

 [[ 394.28079  264.50037]]

 [[ 323.69693  287.9538 ]]

 [[ 259.1152   311.25479]]

 [[ 199.14049  336.85767]]

 [[ 145.06653  358.91977]]

 [[ 720.83514   75.90397]]

 [[ 633.4621   108.48904]]

 [[ 550.36432  139.22972]]

 [[ 473.07129  167.66034]]

 [[ 401.08899  196.16302]]

 [[ 335.12024  222.20552]]

 [[ 272.42859  250.48428]]

 [[ 214.14226  277.93561]]

 [[ 161.28296  300.8342 ]]

 [[ 715.35583   11.0419 ]]

 [[ 631.79871   43.57291]]

 [[ 551.94482   76.73817]]

 [[ 478.15921  106.89082]]

 [[ 408.65112  136.60419]]

 [[ 344.42923  163.61887]]

 [[ 283.07654  193.35521]]

 [[ 227.59508  217.26199]]

 [[ 172.22598  243.18175]]] 
20 
 ---- corners subpix  [[[ 750.67664  406.3428 ]]

 [[ 646.26123  433.30902]]

 [[ 549.06213  458.19571]]

 [[ 458.17612  480.84146]]

 [[ 375.66592  502.44348]]

 [[ 295.77179  521.20782]]

 [[ 218.91084  536.58307]]

 [[ 156.92639  558.24286]]

 [[  94.97799  576.02148]]

 [[ 742.2168   311.49326]]

 [[ 641.74567  339.82925]]

 [[ 548.53247  366.83887]]

 [[ 462.37463  392.51779]]

 [[ 383.17056  416.27563]]

 [[ 308.28271  438.5506 ]]

 [[ 238.2928   459.50882]]

 [[ 173.36816  479.62933]]

 [[ 113.01142  498.64694]]

 [[ 734.72449  226.60353]]

 [[ 638.88971  256.70099]]

 [[ 549.53284  285.52847]]

 [[ 466.98581  313.20102]]

 [[ 389.673    337.78049]]

 [[ 316.40894  361.32828]]

 [[ 247.88849  383.49353]]

 [[ 184.38144  405.05264]]

 [[ 126.86045  426.68579]]

 [[ 727.61462  147.65297]]

 [[ 635.84167  179.38356]]

 [[ 550.42645  209.51006]]

 [[ 470.11377  237.94308]]

 [[ 394.45203  263.00937]]

 [[ 323.49478  287.81418]]

 [[ 258.20279  312.37674]]

 [[ 199.01752  336.77679]]

 [[ 143.5251   360.47446]]

 [[ 721.38092   76.47341]]

 [[ 633.18628  108.46404]]

 [[ 550.17041  139.01132]]

 [[ 472.49158  168.07184]]

 [[ 400.71429  195.66273]]

 [[ 334.13861  223.56146]]

 [[ 272.4552   250.56477]]

 [[ 215.31548  276.39032]]

 [[ 161.1998   300.64334]]

 [[ 715.73523   11.18783]]

 [[ 631.28418   43.68585]]

 [[ 552.52014   76.22371]]

 [[ 478.03912  106.53088]]

 [[ 409.41846  135.35237]]

 [[ 344.2269   163.65137]]

 [[ 284.3259   191.42125]]

 [[ 227.61673  217.26801]]

 [[ 173.57709  241.28014]]] 
21 
 ---- corners  [[[ 853.9892   467.52676]]

 [[ 762.65894  468.18839]]

 [[ 671.01678  468.07153]]

 [[ 577.03229  467.45755]]

 [[ 482.90247  466.63412]]

 [[ 386.22916  464.72763]]

 [[ 288.79684  459.09567]]

 [[ 191.04778  465.56522]]

 [[  90.61855  468.84619]]

 [[ 827.62744  405.92288]]

 [[ 741.14594  403.60364]]

 [[ 653.75354  403.7536 ]]

 [[ 565.15411  403.44366]]

 [[ 475.3555   403.18774]]

 [[ 385.1163   403.22058]]

 [[ 291.94299  402.9566 ]]

 [[ 199.10402  403.2713 ]]

 [[ 105.44485  404.14975]]

 [[ 803.89526  350.76382]]

 [[ 722.38562  349.76993]]

 [[ 639.862    348.18817]]

 [[ 553.94659  348.20291]]

 [[ 469.78741  346.28162]]

 [[ 382.71689  344.66586]]

 [[ 294.74011  343.33624]]

 [[ 205.47171  343.54163]]

 [[ 116.55879  345.51431]]

 [[ 782.39404  301.50201]]

 [[ 704.5      298.5    ]]

 [[ 625.25793  297.46686]]

 [[ 544.83905  295.89453]]

 [[ 464.09128  292.67242]]

 [[ 380.88467  290.18802]]

 [[ 297.27817  290.54977]]

 [[ 213.3091   292.4133 ]]

 [[ 128.78859  295.75983]]

 [[ 762.63293  256.22598]]

 [[ 688.67688  252.71959]]

 [[ 612.17731  249.70517]]

 [[ 535.93066  247.94916]]

 [[ 458.62625  246.16644]]

 [[ 379.29913  247.3331 ]]

 [[ 300.29367  248.5818 ]]

 [[ 221.20352  250.13475]]

 [[ 139.83456  253.58975]]

 [[ 744.54846  215.53716]]

 [[ 672.68811  211.5903 ]]

 [[ 600.75165  210.87642]]

 [[ 527.79895  209.35977]]

 [[ 453.6727   207.41994]]

 [[ 378.31494  206.95346]]

 [[ 302.21982  208.93924]]

 [[ 226.16533  209.5244 ]]

 [[ 149.47836  209.73203]]] 
21 
 ---- corners subpix  [[[ 854.30505  467.87292]]

 [[ 763.42871  468.06467]]

 [[ 670.85486  467.76151]]

 [[ 576.98566  466.88583]]

 [[ 482.65091  467.11304]]

 [[ 386.26627  464.74081]]

 [[ 288.72504  458.79468]]

 [[ 190.31699  466.08585]]

 [[  90.23103  468.31985]]

 [[ 827.70331  405.85541]]

 [[ 742.01855  404.22607]]

 [[ 654.37427  403.31607]]

 [[ 565.15515  403.11414]]

 [[ 475.72415  403.08725]]

 [[ 384.49356  402.96414]]

 [[ 292.2688   402.69989]]

 [[ 199.03764  403.3494 ]]

 [[ 104.63602  404.53513]]

 [[ 804.2063   351.33902]]

 [[ 722.51538  349.38446]]

 [[ 638.99695  347.95364]]

 [[ 554.31702  347.79324]]

 [[ 469.58182  346.21225]]

 [[ 382.83539  344.61011]]

 [[ 294.92261  343.44196]]

 [[ 206.19705  343.24356]]

 [[ 116.75069  345.65854]]

 [[ 782.5238   300.97055]]

 [[ 704.62036  298.65073]]

 [[ 625.31433  297.24329]]

 [[ 544.5257   295.63077]]

 [[ 464.12213  292.38977]]

 [[ 381.29462  290.38846]]

 [[ 297.58524  290.31989]]

 [[ 213.52187  292.63217]]

 [[ 128.76103  295.69952]]

 [[ 762.86041  256.03735]]

 [[ 688.70459  252.86357]]

 [[ 613.01178  250.0358 ]]

 [[ 535.97906  247.66623]]

 [[ 458.73001  246.19324]]

 [[ 379.75092  246.77707]]

 [[ 300.32516  248.52654]]

 [[ 220.405    251.04532]]

 [[ 139.90709  253.6581 ]]

 [[ 744.71228  215.46419]]

 [[ 673.68286  212.08592]]

 [[ 600.91956  210.54556]]

 [[ 527.33392  208.56189]]

 [[ 453.67258  207.51158]]

 [[ 378.38406  207.05902]]

 [[ 302.49283  208.61366]]

 [[ 226.22781  209.55608]]

 [[ 149.2357   209.98328]]] 
22 
 ---- corners  [[[ 813.81659  501.43158]]

 [[ 733.2229   506.15176]]

 [[ 648.9826   510.18466]]

 [[ 566.5097   515.01385]]

 [[ 483.95947  518.9632 ]]

 [[ 400.92328  523.58057]]

 [[ 317.90274  526.15649]]

 [[ 236.99654  532.70569]]

 [[ 155.6441   538.17621]]

 [[ 803.67651  419.21814]]

 [[ 724.30365  422.83249]]

 [[ 641.84021  428.2211 ]]

 [[ 559.9801   433.23209]]

 [[ 479.95532  438.53384]]

 [[ 398.29068  442.59418]]

 [[ 317.13879  446.77829]]

 [[ 236.92538  452.04688]]

 [[ 156.73192  457.05862]]

 [[ 795.33801  341.82281]]

 [[ 715.1767   345.95663]]

 [[ 635.07806  350.55133]]

 [[ 554.10376  355.07315]]

 [[ 474.62317  360.12109]]

 [[ 395.01151  364.2001 ]]

 [[ 314.63766  368.86945]]

 [[ 235.12749  373.53995]]

 [[ 156.90756  379.21848]]

 [[ 785.82867  266.10983]]

 [[ 707.48181  270.18768]]

 [[ 628.32672  274.18655]]

 [[ 548.80981  278.97672]]

 [[ 470.8371   282.60162]]

 [[ 391.56586  287.07394]]

 [[ 313.01144  291.99643]]

 [[ 235.15848  297.51254]]

 [[ 158.50522  303.93872]]

 [[ 776.39716  193.88419]]

 [[ 699.82684  196.90524]]

 [[ 621.92969  200.95479]]

 [[ 544.35645  204.90273]]

 [[ 466.98581  209.34932]]

 [[ 389.30136  214.66316]]

 [[ 312.39804  220.67268]]

 [[ 236.31396  226.88641]]

 [[ 160.94235  233.32874]]

 [[ 767.70178  123.04914]]

 [[ 691.62695  126.57658]]

 [[ 615.48468  130.97713]]

 [[ 539.06604  134.96106]]

 [[ 463.15643  139.36531]]

 [[ 386.81396  144.88562]]

 [[ 310.91788  150.74821]]

 [[ 236.18202  156.45984]]

 [[ 161.24252  162.5573 ]]] 
22 
 ---- corners subpix  [[[ 815.00897  500.95346]]

 [[ 732.07867  505.55505]]

 [[ 648.94659  510.26337]]

 [[ 565.74805  514.57532]]

 [[ 483.74728  519.05389]]

 [[ 400.66501  523.18262]]

 [[ 317.65253  526.36053]]

 [[ 237.02702  532.73035]]

 [[ 155.55225  538.11603]]

 [[ 804.98553  419.582  ]]

 [[ 723.90161  423.79758]]

 [[ 641.98895  428.34845]]

 [[ 560.17194  433.00195]]

 [[ 479.35297  437.53769]]

 [[ 398.05438  442.23773]]

 [[ 317.14304  446.71713]]

 [[ 236.77074  451.76205]]

 [[ 156.73108  457.10278]]

 [[ 795.40619  341.97873]]

 [[ 715.50452  346.08575]]

 [[ 635.13092  350.5174 ]]

 [[ 554.4953   355.3725 ]]

 [[ 474.99167  359.65915]]

 [[ 394.96475  364.1738 ]]

 [[ 314.81     368.5293 ]]

 [[ 235.26506  373.50882]]

 [[ 156.81799  379.14111]]

 [[ 786.06036  266.04819]]

 [[ 707.52869  270.08398]]

 [[ 628.37415  274.38873]]

 [[ 549.17902  278.72253]]

 [[ 470.87115  282.55136]]

 [[ 391.6571   286.7287 ]]

 [[ 312.9339   291.8125 ]]

 [[ 235.28802  297.72778]]

 [[ 158.5511   303.85623]]

 [[ 776.95557  193.4726 ]]

 [[ 699.71619  196.83492]]

 [[ 622.00739  200.90007]]

 [[ 544.1261   204.89755]]

 [[ 467.00729  209.2773 ]]

 [[ 389.21924  214.66632]]

 [[ 312.38388  220.71216]]

 [[ 236.35472  226.86633]]

 [[ 160.92805  233.23238]]

 [[ 767.78448  122.82576]]

 [[ 692.05798  126.30708]]

 [[ 615.45758  130.61671]]

 [[ 538.75671  134.97833]]

 [[ 463.07217  139.51651]]

 [[ 386.85172  144.68475]]

 [[ 311.35165  150.82863]]

 [[ 236.24193  156.53966]]

 [[ 161.57487  162.1172 ]]] 
23 
 ---- corners  [[[ 670.34521  569.36987]]

 [[ 622.85406  557.41003]]

 [[ 580.90363  547.24518]]

 [[ 540.8634   536.77057]]

 [[ 507.80344  527.04907]]

 [[ 476.30521  519.61011]]

 [[ 444.70926  513.336  ]]

 [[ 425.9841   506.505  ]]

 [[ 405.00311  501.09155]]

 [[ 669.25708  470.49918]]

 [[ 618.76959  463.69366]]

 [[ 576.7652   458.94543]]

 [[ 539.10608  453.64636]]

 [[ 506.69031  449.70831]]

 [[ 477.31287  446.20984]]

 [[ 450.18286  442.70297]]

 [[ 426.69888  439.64636]]

 [[ 405.68781  436.81839]]

 [[ 668.70496  371.8667 ]]

 [[ 618.6424   373.08539]]

 [[ 575.81671  372.13519]]

 [[ 539.15967  372.77896]]

 [[ 505.2789   372.936  ]]

 [[ 474.49292  373.625  ]]

 [[ 447.4006   373.75067]]

 [[ 423.14279  374.01138]]

 [[ 403.91248  374.3331 ]]

 [[ 666.80847  273.49252]]

 [[ 618.28589  279.46646]]

 [[ 574.5708   286.23322]]

 [[ 537.25275  290.62741]]

 [[ 501.73859  295.66837]]

 [[ 471.12387  299.71451]]

 [[ 445.09869  303.86691]]

 [[ 424.19583  307.26953]]

 [[ 406.13354  310.19351]]

 [[ 666.97992  174.56259]]

 [[ 616.40393  188.79417]]

 [[ 572.99872  199.32283]]

 [[ 535.26111  208.66873]]

 [[ 501.25955  218.49026]]

 [[ 472.72058  227.71478]]

 [[ 449.33777  234.87129]]

 [[ 428.65973  241.4884 ]]

 [[ 409.42609  248.1129 ]]

 [[ 666.75659   77.8918 ]]

 [[ 616.92462   95.57281]]

 [[ 575.47784  112.49471]]

 [[ 537.06055  128.5117 ]]

 [[ 503.58731  143.21704]]

 [[ 475.85583  154.15863]]

 [[ 450.64633  166.72849]]

 [[ 429.36459  175.66478]]

 [[ 409.54767  183.55722]]] 
23 
 ---- corners subpix  [[[ 671.14838  570.25818]]

 [[ 622.96484  557.58783]]

 [[ 580.03699  546.44208]]

 [[ 541.28821  536.54565]]

 [[ 508.35141  527.6297 ]]

 [[ 476.03558  519.73291]]

 [[ 444.198    512.75122]]

 [[ 425.87207  506.56567]]

 [[ 405.14957  501.22495]]

 [[ 669.75787  470.41177]]

 [[ 619.91443  464.27826]]

 [[ 576.75226  458.91269]]

 [[ 539.52271  454.16769]]

 [[ 506.81195  449.85544]]

 [[ 477.25388  446.01859]]

 [[ 450.39374  442.6095 ]]

 [[ 426.60321  439.65598]]

 [[ 405.63113  437.17957]]

 [[ 669.20984  372.18082]]

 [[ 619.34503  372.42023]]

 [[ 576.34772  372.66455]]

 [[ 539.39551  372.82986]]

 [[ 505.34991  373.16058]]

 [[ 474.54614  373.41879]]

 [[ 447.27829  373.664  ]]

 [[ 423.27649  374.07745]]

 [[ 403.77188  374.2995 ]]

 [[ 667.94165  272.84729]]

 [[ 618.39484  279.61572]]

 [[ 575.41498  285.52051]]

 [[ 537.42615  290.74554]]

 [[ 501.95926  295.42764]]

 [[ 471.21124  299.74109]]

 [[ 445.30389  303.66522]]

 [[ 424.27267  307.22809]]

 [[ 405.4873   310.61618]]

 [[ 667.20013  175.12921]]

 [[ 616.8222   187.9646 ]]

 [[ 572.76135  199.5098 ]]

 [[ 534.46149  209.65576]]

 [[ 501.26312  218.64345]]

 [[ 473.345    227.20534]]

 [[ 449.39548  234.85466]]

 [[ 428.56793  241.69331]]

 [[ 409.4765   248.13039]]

 [[ 667.63007   77.01129]]

 [[ 617.3457    96.05308]]

 [[ 575.02515  113.27631]]

 [[ 537.08118  128.42133]]

 [[ 504.43594  141.94676]]

 [[ 475.6763   154.21201]]

 [[ 451.56155  165.65822]]

 [[ 429.40018  175.6618 ]]

 [[ 408.60709  184.86189]]] 
24 
 ---- corners  [[[ 633.53925  537.03784]]

 [[ 571.63776  531.4812 ]]

 [[ 516.52765  526.02753]]

 [[ 466.16702  520.81311]]

 [[ 421.34741  516.74945]]

 [[ 378.35342  512.6535 ]]

 [[ 336.50635  508.92886]]

 [[ 307.6369   506.49951]]

 [[ 277.57355  504.06683]]

 [[ 636.92023  442.04565]]

 [[ 574.56836  441.18576]]

 [[ 519.23816  440.69424]]

 [[ 469.06165  440.23883]]

 [[ 424.78171  440.03101]]

 [[ 383.95111  439.36569]]

 [[ 346.91498  439.03604]]

 [[ 313.29428  439.32697]]

 [[ 282.44666  439.41418]]

 [[ 640.7757   349.71664]]

 [[ 577.70734  354.6947 ]]

 [[ 522.58716  357.64908]]

 [[ 473.22275  361.96631]]

 [[ 428.08435  364.67978]]

 [[ 385.84515  368.18835]]

 [[ 348.45145  370.55518]]

 [[ 314.41959  373.3223 ]]

 [[ 285.45251  376.2045 ]]

 [[ 644.03381  257.4476 ]]

 [[ 582.23114  266.51096]]

 [[ 526.36066  275.43561]]

 [[ 476.54034  282.82416]]

 [[ 429.76337  289.42151]]

 [[ 387.92612  295.37738]]

 [[ 350.44189  302.4097 ]]

 [[ 319.76703  307.26645]]

 [[ 292.46616  312.27097]]

 [[ 647.85681  167.56883]]

 [[ 584.75854  181.88359]]

 [[ 528.95416  193.60332]]

 [[ 478.54596  205.07651]]

 [[ 433.68295  215.49956]]

 [[ 395.14624  224.96231]]

 [[ 359.44958  235.0146 ]]

 [[ 328.5058   243.49512]]

 [[ 299.58997  251.64125]]

 [[ 651.96033   79.35703]]

 [[ 590.06873   97.0597 ]]

 [[ 534.51093  114.74761]]

 [[ 485.08789  129.25198]]

 [[ 440.14548  144.22581]]

 [[ 401.03207  156.20558]]

 [[ 365.20398  169.53651]]

 [[ 333.6394   179.55147]]

 [[ 304.18933  188.54303]]] 
24 
 ---- corners subpix  [[[ 633.50549  536.91327]]

 [[ 572.2323   531.16809]]

 [[ 516.60022  525.93823]]

 [[ 465.79041  521.10223]]

 [[ 421.40076  516.82233]]

 [[ 378.2413   512.78192]]

 [[ 336.41711  508.77335]]

 [[ 307.73532  506.51953]]

 [[ 277.53479  503.91776]]

 [[ 637.1142   441.92111]]

 [[ 574.45978  441.36383]]

 [[ 518.65601  440.81076]]

 [[ 469.09186  440.35913]]

 [[ 424.77994  440.00653]]

 [[ 384.09613  439.53006]]

 [[ 346.72299  439.33078]]

 [[ 313.18729  439.2666 ]]

 [[ 282.70386  439.35712]]

 [[ 640.70593  349.74411]]

 [[ 578.43134  354.05334]]

 [[ 522.75244  357.91043]]

 [[ 473.53198  361.6116 ]]

 [[ 428.13058  364.79123]]

 [[ 386.28177  367.7532 ]]

 [[ 348.54999  370.55652]]

 [[ 314.36462  373.40219]]

 [[ 285.37119  376.15625]]

 [[ 644.27643  257.63815]]

 [[ 582.17651  266.63504]]

 [[ 526.63605  275.13995]]

 [[ 476.48755  282.66092]]

 [[ 429.75681  289.32343]]

 [[ 387.97733  295.49149]]

 [[ 351.32458  301.50003]]

 [[ 319.77917  307.35791]]

 [[ 291.50836  312.80405]]

 [[ 647.74274  167.94012]]

 [[ 585.3786   181.43292]]

 [[ 528.87756  193.80489]]

 [[ 478.45959  205.23759]]

 [[ 433.65967  215.5137 ]]

 [[ 394.39035  225.60187]]

 [[ 359.52362  234.93164]]

 [[ 328.37494  243.64287]]

 [[ 299.55005  251.65521]]

 [[ 652.20312   79.0064 ]]

 [[ 589.79425   96.97504]]

 [[ 535.06891  113.84337]]

 [[ 485.07724  129.14632]]

 [[ 440.96973  143.00189]]

 [[ 400.88635  155.94809]]

 [[ 365.9567   168.39383]]

 [[ 333.51935  179.4429 ]]

 [[ 303.18335  189.64055]]] 
25 
 ---- corners  [[[ 806.2724   532.7171 ]]

 [[ 712.39136  528.06006]]

 [[ 615.62701  524.49835]]

 [[ 524.5      519.5    ]]

 [[ 434.5      516.     ]]

 [[ 344.70981  510.99609]]

 [[ 254.64249  506.7056 ]]

 [[ 172.03024  504.36096]]

 [[  88.92277  501.13104]]

 [[ 809.69244  439.40384]]

 [[ 712.07513  435.27899]]

 [[ 621.18781  432.20358]]

 [[ 528.43134  427.94687]]

 [[ 438.46024  424.35132]]

 [[ 351.       422.     ]]

 [[ 265.30139  419.06598]]

 [[ 181.12524  416.93094]]

 [[  99.20878  414.6987 ]]

 [[ 808.       348.     ]]

 [[ 715.7088   346.51425]]

 [[ 623.       342.5    ]]

 [[ 531.99988  340.9931 ]]

 [[ 443.40158  339.72308]]

 [[ 356.5      336.     ]]

 [[ 270.83701  333.86252]]

 [[ 187.52719  331.96454]]

 [[ 107.28233  331.61755]]

 [[ 808.       259.     ]]

 [[ 716.5      257.     ]]

 [[ 625.37805  255.72174]]

 [[ 535.12567  255.75964]]

 [[ 448.74136  253.29236]]

 [[ 361.50159  249.95404]]

 [[ 277.66046  249.47408]]

 [[ 196.0118   249.54124]]

 [[ 117.26698  250.08356]]

 [[ 806.49591  173.1908 ]]

 [[ 717.36115  172.14268]]

 [[ 627.95288  170.48146]]

 [[ 539.30475  170.08221]]

 [[ 453.29602  168.66393]]

 [[ 368.32645  169.4897 ]]

 [[ 285.45041  170.50113]]

 [[ 206.03578  172.07565]]

 [[ 127.89336  173.38908]]

 [[ 807.47479   89.78274]]

 [[ 718.05878   88.97607]]

 [[ 629.49548   88.53212]]

 [[ 542.03253   89.67303]]

 [[ 457.86209   89.69113]]

 [[ 374.43674   90.84394]]

 [[ 292.94995   92.68915]]

 [[ 213.48299   93.88264]]

 [[ 136.25653   95.7532 ]]] 
25 
 ---- corners subpix  [[[ 808.6842   532.3595 ]]

 [[ 712.48364  528.06451]]

 [[ 617.638    523.84564]]

 [[ 524.54333  519.62512]]

 [[ 434.33926  515.61682]]

 [[ 344.41177  511.38202]]

 [[ 255.22917  506.47546]]

 [[ 172.17566  504.30508]]

 [[  89.21165  501.40805]]

 [[ 808.68488  437.94806]]

 [[ 713.99457  434.48154]]

 [[ 620.33545  431.30521]]

 [[ 528.37091  428.23947]]

 [[ 439.19794  425.2106 ]]

 [[ 351.37332  422.35272]]

 [[ 265.17746  419.45728]]

 [[ 181.15932  417.1814 ]]

 [[  98.99348  415.005  ]]

 [[ 808.55609  347.65082]]

 [[ 715.09851  345.10657]]

 [[ 622.93457  342.61359]]

 [[ 532.18262  340.61938]]

 [[ 444.11209  338.33124]]

 [[ 356.61066  336.08704]]

 [[ 270.98206  333.9071 ]]

 [[ 187.43867  332.32632]]

 [[ 107.0198   331.45978]]

 [[ 808.4693   258.61371]]

 [[ 716.41321  256.72766]]

 [[ 625.33478  255.2912 ]]

 [[ 535.64435  253.84285]]

 [[ 448.50339  251.62735]]

 [[ 361.7298   250.13214]]

 [[ 277.39459  249.45697]]

 [[ 196.03419  249.55809]]

 [[ 117.22655  250.14484]]

 [[ 808.26721  173.0657 ]]

 [[ 717.48718  171.59718]]

 [[ 627.53198  170.42236]]

 [[ 539.05084  169.52258]]

 [[ 452.99954  168.90392]]

 [[ 368.20343  169.5278 ]]

 [[ 285.79022  170.54555]]

 [[ 205.98659  172.02513]]

 [[ 127.99393  173.24138]]

 [[ 807.67163   89.68977]]

 [[ 718.32275   88.71024]]

 [[ 629.70435   88.96373]]

 [[ 542.5838    89.04227]]

 [[ 458.06412   89.57655]]

 [[ 374.40125   90.61044]]

 [[ 293.14316   92.56385]]

 [[ 213.83467   94.14136]]

 [[ 136.17377   95.63499]]] 
mat, distcoeff 
 [[ 1269.12032     0.        479.5    ]
 [    0.       1269.12032   359.5    ]
 [    0.          0.          1.     ]] 
 .. 
 [[ -0.02903  -1.36301   0.01007   0.00648  10.90345]]
 time elapsed = 0m9s